# Actions and States
# action[0], ..., state[0], ..., command[0], ...
-0.1272314191 0.0064324928 -0.1918597370 -0.0104123466 -0.3399149776 0.0785876742 -0.0855442660 -0.1092594186 0.0000000000 0.0000000000 0.0000000000 0.1312547468 0.9913486730 0.0000000000 -0.9913486730 0.1312547468 0.0000000000 0.0000000000 0.0000000000 1.0000000000 0.0000000000 0.0000000000 0.0000000000 -0.0000005000 0.0000000000 0.0000000000 0.4580994148 0.0003597904 0.0805876742 -0.0855442660 -0.1092594186 0.2000000000 0.0000000000 0.0000000000 1.0000000000 0.0000000000 0.0000000000 0.0000000000 0.0000000000 1.0000000000 0.0000000000 0.0000000000 0.0000000000
-0.1281318218 0.0042788694 -0.1729789525 -0.0101108225 -0.3347603381 0.0785876765 -0.0855442659 -0.1092610728 0.0000009032 0.0000000302 -0.0003308486 0.1313750928 0.9913327316 0.0000179354 -0.9913327257 0.1313750940 -0.0001075877 -0.0001090115 -0.0000036456 0.9999999941 -0.0136986909 -0.0022824475 -0.0154568997 -0.0000019999 0.0000000000 -0.0000000004 0.4580607726 0.0010792510 0.0825876742 -0.0855442660 -0.1092594186 0.2000000000 0.0000000000 0.0000000000 1.0000000000 0.0000000000 0.0000000000 0.0000000000 0.0000000000 1.0000000000 0.0000000000 0.0000000000 0.0000000000
-0.1289666146 0.0024860534 -0.1555560529 -0.0098272860 -0.3296395838 0.0785877101 -0.0855442648 -0.1092659193 0.0000071308 0.0000002309 -0.0006384527 0.1317342836 0.9912850618 0.0000692195 -0.9912849730 0.1317343011 -0.0004198603 -0.0004253199 -0.0000133063 0.9999999095 -0.0260632589 -0.0042341290 -0.0306794033 -0.0000044992 0.0000000000 -0.0000000025 0.4579454326 0.0017983209 0.0845876742 -0.0855442660 -0.1092594186 0.2000000000 0.0000000000 0.0000000000 1.0000000000 0.0000000000 0.0000000000 0.0000000000 0.0000000000 1.0000000000 0.0000000000 0.0000000000 0.0000000000
-0.1297394633 0.0010080894 -0.1395110488 -0.0095609808 -0.3245531321 0.0785878532 -0.0855442604 -0.1092737341 0.0000235577 0.0000007212 -0.0009245020 0.1323286194 0.9912058889 0.0001492507 -0.9912054655 0.1323287009 -0.0009166104 -0.0009282998 -0.0000266443 0.9999995688 -0.0371935282 -0.0059032190 -0.0456690516 -0.0000079976 0.0000000000 -0.0000000077 0.4577545643 0.0025167906 0.0865876742 -0.0855442660 -0.1092594186 0.2000000000 0.0000000000 0.0000000000 1.0000000000 0.0000000000 0.0000000000 0.0000000000 0.0000000000 1.0000000000 0.0000000000 0.0000000000 0.0000000000
-0.1304540783 -0.0001965850 -0.1247607246 -0.0093109645 -0.3195015490 0.0785882299 -0.0855442492 -0.1092843096 0.0000545567 0.0000015668 -0.0011905863 0.1331543931 0.9910952744 0.0002542554 -0.9910940172 0.1331546293 -0.0015791422 -0.0015989356 -0.0000417213 0.9999987208 -0.0471844325 -0.0073319821 -0.0604274046 -0.0000124943 0.0000000000 -0.0000000175 0.4574893292 0.0032345426 0.0885876742 -0.0855442660 -0.1092594186 0.2000000000 0.0000000000 0.0000000000 1.0000000000 0.0000000000 0.0000000000 0.0000000000 0.0000000000 1.0000000000 0.0000000000 0.0000000000 0.0000000000
-0.1311141104 -0.0011643303 -0.1112206876 -0.0090765199 -0.3144851327 0.0785890059 -0.0855442278 -0.1092974535 0.0001040405 0.0000027901 -0.0014381927 0.1342078956 0.9909531248 0.0003811792 -0.9909502438 0.1342084249 -0.0023901952 -0.0024197288 -0.0000569465 0.9999970708 -0.0561256459 -0.0085573181 -0.0749560477 -0.0000179887 0.0000000000 -0.0000000332 0.4571508803 0.0039514616 0.0905876742 -0.0855442660 -0.1092594186 0.2000000000 0.0000000000 0.0000000000 1.0000000000 0.0000000000 0.0000000000 0.0000000000 0.0000000000 1.0000000000 0.0000000000 0.0000000000 0.0000000000
-0.1317228526 -0.0019278666 -0.0988070741 -0.0088566216 -0.3095046282 0.0785903839 -0.0855441922 -0.1093129880 0.0001755009 0.0000043778 -0.0016687066 0.1354854200 0.9907791997 0.0005275889 -0.9907735932 0.1354864286 -0.0033338625 -0.0033746028 -0.0000710314 0.9999943035 -0.0641013713 -0.0096113585 -0.0892565801 -0.0000244800 0.0000000000 -0.0000000561 0.4567403616 0.0046674336 0.0925876742 -0.0855442660 -0.1092594186 0.2000000000 0.0000000000 0.0000000000 1.0000000000 0.0000000000 0.0000000000 0.0000000000 0.0000000000 1.0000000000 0.0000000000 0.0000000000 0.0000000000
-0.1322836876 -0.0025155784 -0.0874387920 -0.0086504025 -0.3045605421 0.0785925995 -0.0855441391 -0.1093307488 0.0002720446 0.0000062879 -0.0018834206 0.1369832638 0.9905731205 0.0006915853 -0.9905633718 0.1369849845 -0.0043955067 -0.0044488076 -0.0000829482 0.9999901006 -0.0711902806 -0.0105219410 -0.1033306348 -0.0000319675 0.0000000001 -0.0000000873 0.4562589083 0.0053823468 0.0945876742 -0.0855442660 -0.1092594186 0.2000000000 0.0000000000 0.0000000000 1.0000000000 0.0000000000 0.0000000000 0.0000000000 0.0000000000 1.0000000000 0.0000000000 0.0000000000 0.0000000000
-0.1328001171 -0.0029529852 -0.0770369694 -0.0084569361 -0.2996534109 0.0785959176 -0.0855440656 -0.1093505837 0.0003964268 0.0000084563 -0.0020835319 0.1386977308 0.9903343777 0.0008717256 -0.9903187647 0.1387004398 -0.0055616749 -0.0056288266 -0.0000918945 0.9999841538 -0.0774656224 -0.0113131309 -0.1171798678 -0.0000404501 0.0000000002 -0.0000001279 0.4557076462 0.0060960912 0.0965876742 -0.0855442660 -0.1092594186 0.2000000000 0.0000000000 0.0000000000 1.0000000000 0.0000000000 0.0000000000 0.0000000000 0.0000000000 1.0000000000 0.0000000000 0.0000000000 0.0000000000
-0.1332749873 -0.0032619496 -0.0675275177 -0.0082753599 -0.2947838306 0.0786006289 -0.0855439694 -0.1093723522 0.0005510816 0.0000108014 -0.0022701405 0.1406251318 0.9900623384 0.0010669548 -0.9900388532 0.1406291457 -0.0068200153 -0.0069022852 -0.0000972611 0.9999761742 -0.0829953148 -0.0120056079 -0.1308059597 -0.0000499267 0.0000000003 -0.0000001788 0.4550876922 0.0068085586 0.0985876742 -0.0855442660 -0.1092594186 0.2000000000 0.0000000000 0.0000000000 1.0000000000 0.0000000000 0.0000000000 0.0000000000 0.0000000000 1.0000000000 0.0000000000 0.0000000000 0.0000000000
-0.1337111592 -0.0034627002 -0.0588397011 -0.0081048440 -0.2899526358 0.0786070471 -0.0855438493 -0.1093959244 0.0007381503 0.0000132290 -0.0024442657 0.1427617848 0.9897562545 0.0012765449 -0.9897226281 0.1427674579 -0.0081591964 -0.0082578647 -0.0000986039 0.9999658984 -0.0878422223 -0.0126171146 -0.1442106179 -0.0000603960 0.0000000005 -0.0000002411 0.4544001539 0.0075196425 0.1005876742 -0.0855442660 -0.1092594186 0.2000000000 0.0000000000 0.0000000000 1.0000000000 0.0000000000 0.0000000000 0.0000000000 0.0000000000 1.0000000000 0.0000000000 0.0000000000 0.0000000000
-0.1341116726 -0.0035713748 -0.0509075411 -0.0079445895 -0.2851602733 0.0786155061 -0.0855437049 -0.1094211803 0.0009595074 0.0000156356 -0.0026068471 0.1451040152 0.9894152691 0.0015000418 -0.9893690016 0.1451117370 -0.0095688296 -0.0096852198 -0.0000956193 0.9999530926 -0.0920643591 -0.0131627256 -0.1573955880 -0.0000718566 0.0000000007 -0.0000003156 0.4536461297 0.0082292383 0.1025876742 -0.0855442660 -0.1092594186 0.2000000000 0.0000000000 0.0000000000 1.0000000000 0.0000000000 0.0000000000 0.0000000000 0.0000000000 1.0000000000 0.0000000000 0.0000000000 0.0000000000
-0.1344789565 -0.0036035825 -0.0436690934 -0.0077939183 -0.2804074585 0.0786263569 -0.0855435370 -0.1094480085 0.0012167840 0.0000179123 -0.0027587405 0.1476481558 0.9890384240 0.0017372184 -0.9889768166 0.1476583492 -0.0110393953 -0.0111749010 -0.0000881224 0.9999375550 -0.0957151724 -0.0136552907 -0.1703626357 -0.0000843069 0.0000000011 -0.0000004030 0.4528267091 0.0089372432 0.1045876742 -0.0855442660 -0.1092594186 0.2000000000 0.0000000000 0.0000000000 1.0000000000 0.0000000000 0.0000000000 0.0000000000 0.0000000000 1.0000000000 0.0000000000 0.0000000000 0.0000000000
-0.1348157972 -0.0035720654 -0.0370673053 -0.0076519786 -0.2756948173 0.0786399660 -0.0855433475 -0.1094763063 0.0015113896 0.0000199464 -0.0029007342 0.1503905463 0.9886246665 0.0019880337 -0.9885448543 0.1504036666 -0.0125621737 -0.0127182823 -0.0000760283 0.9999191165 -0.0988438155 -0.0141055995 -0.1831135595 -0.0000977452 0.0000000015 -0.0000005042 0.4519429724 0.0096435560 0.1065876742 -0.0855442660 -0.1092594186 0.2000000000 0.0000000000 0.0000000000 1.0000000000 0.0000000000 0.0000000000 0.0000000000 0.0000000000 1.0000000000 0.0000000000 0.0000000000 0.0000000000
-0.1351241022 -0.0034879385 -0.0310488176 -0.0075181555 -0.2710230947 0.0786567130 -0.0855431393 -0.1095059781 0.0018445317 0.0000216249 -0.0030335413 0.1533275334 0.9881728560 0.0022525972 -0.9880718411 0.1533440679 -0.0141291793 -0.0143074939 -0.0000593357 0.9998976408 -0.1014954625 -0.0145227101 -0.1956501860 -0.0001121693 0.0000000020 -0.0000006198 0.4509959911 0.0103480774 0.1085876742 -0.0855442660 -0.1092594186 0.2000000000 0.0000000000 0.0000000000 1.0000000000 0.0000000000 0.0000000000 0.0000000000 0.0000000000 1.0000000000 0.0000000000 0.0000000000 0.0000000000
-0.1346189827 -0.0036207831 -0.0277564786 -0.0072298748 -0.2663927376 0.0786769883 -0.0855429165 -0.1095369354 0.0022172343 0.0000228352 -0.0031578223 0.1564554699 0.9876817702 0.0025311379 -0.9875564542 0.1564759383 -0.0157331007 -0.0159353589 -0.0000381119 0.9998730234 -0.1037115516 -0.0149141645 -0.2079743761 -0.0001275772 0.0000000026 -0.0000007506 0.4499868273 0.0110507098 0.1105876742 -0.0855442660 -0.1092594186 0.2000000000 0.0000000000 0.0000000000 1.0000000000 0.0000000000 0.0000000000 0.0000000000 0.0000000000 1.0000000000 0.0000000000 0.0000000000 0.0000000000
-0.1340735555 -0.0036653627 -0.0247734282 -0.0069493740 -0.2618044615 0.0787011939 -0.0855426845 -0.1095691976 0.0026307046 0.0000234669 -0.0032944944 0.1597707145 0.9871501120 0.0028240286 -0.9869973045 0.1597956701 -0.0173684964 -0.0175965807 -0.0000123316 0.9998451681 -0.1056896115 -0.0152924554 -0.2200880107 -0.0001439666 0.0000000033 -0.0000008971 0.4489165336 0.0117513571 0.1125876742 -0.0855442660 -0.1092594186 0.2000000000 0.0000000000 0.0000000000 1.0000000000 0.0000000000 0.0000000000 0.0000000000 0.0000000000 1.0000000000 0.0000000000 0.0000000000 0.0000000000
-0.1335636973 -0.0036437176 -0.0219072569 -0.0066826795 -0.2572589815 0.0787297416 -0.0855424495 -0.1096028933 0.0030857831 0.0000234052 -0.0034445162 0.1632696291 0.9865765151 0.0031317952 -0.9863929325 0.1632996619 -0.0190316364 -0.0192875866 0.0000181075 0.9998139770 -0.1074509302 -0.0156660717 -0.2319930033 -0.0001613348 0.0000000042 -0.0000010600 0.4477861522 0.0124499253 0.1145876742 -0.0855442660 -0.1092594186 0.2000000000 0.0000000000 0.0000000000 1.0000000000 0.0000000000 0.0000000000 0.0000000000 0.0000000000 1.0000000000 0.0000000000 0.0000000000 0.0000000000
-0.1330878139 -0.0035648316 -0.0191536713 -0.0064293798 -0.2527568638 0.0787630511 -0.0855422191 -0.1096381510 0.0035831926 0.0000225342 -0.0036068854 0.1669485797 0.9859595501 0.0034550542 -0.9857418322 0.1669843191 -0.0207190105 -0.0210050461 0.0000532179 0.9997793683 -0.1090032276 -0.0160396687 -0.2436913000 -0.0001796791 0.0000000051 -0.0000012400 0.4465967160 0.0131463216 0.1165876742 -0.0855442660 -0.1092594186 0.2000000000 0.0000000000 0.0000000000 1.0000000000 0.0000000000 0.0000000000 0.0000000000 0.0000000000 1.0000000000 0.0000000000 0.0000000000 0.0000000000
-0.1326449811 -0.0034372832 -0.0165079683 -0.0061893621 -0.2482986003 0.0788015491 -0.0855420019 -0.1096750894 0.0041235725 0.0000207382 -0.0037806389 0.1708039363 0.9852977303 0.0037944735 -0.9850424589 0.1708460537 -0.0224272198 -0.0227457596 0.0000929399 0.9997412774 -0.1103539718 -0.0164170606 -0.2551848727 -0.0001989966 0.0000000062 -0.0000014381 0.4453492487 0.0138404553 0.1185876742 -0.0855442660 -0.1092594186 0.2000000000 0.0000000000 0.0000000000 1.0000000000 0.0000000000 0.0000000000 0.0000000000 0.0000000000 1.0000000000 0.0000000000 0.0000000000 0.0000000000
-0.1322339326 -0.0032683695 -0.0139668090 -0.0059622754 -0.2438847423 0.0788456681 -0.0855418078 -0.1097138176 0.0047074817 0.0000179038 -0.0039648363 0.1748320728 0.9845895173 0.0041507579 -0.9842932339 0.1748812844 -0.0241529724 -0.0245066533 0.0001371514 0.9996996575 -0.1115103490 -0.0168012598 -0.2664757154 -0.0002192839 0.0000000074 -0.0000016549 0.4440447644 0.0145322370 0.1205876742 -0.0855442660 -0.1092594186 0.2000000000 0.0000000000 0.0000000000 1.0000000000 0.0000000000 0.0000000000 0.0000000000 0.0000000000 1.0000000000 0.0000000000 0.0000000000 0.0000000000
-0.1318535060 -0.0030644282 -0.0115257408 -0.0057478622 -0.2395160496 0.0788958459 -0.0855416477 -0.1097544356 0.0053354016 0.0000139212 -0.0041585688 0.1790293665 0.9838333261 0.0045246342 -0.9834925503 0.1790864370 -0.0258930786 -0.0262847743 0.0001856774 0.9996544784 -0.1124793507 -0.0171946007 -0.2775658475 -0.0002405378 0.0000000087 -0.0000018915 0.4426842679 0.0152215792 0.1225876742 -0.0855442660 -0.1092594186 0.2000000000 0.0000000000 0.0000000000 1.0000000000 0.0000000000 0.0000000000 0.0000000000 0.0000000000 1.0000000000 0.0000000000 0.0000000000 0.0000000000
-0.1315025538 -0.0028314665 -0.0091816792 -0.0055455933 -0.2351930141 0.0789525246 -0.0855415335 -0.1097970342 0.0060077392 0.0000086856 -0.0043609570 0.1833921989 0.9830275307 0.0049168405 -0.9826387777 0.1834579438 -0.0276444478 -0.0280772867 0.0002382979 0.9996057269 -0.1132676878 -0.0175988091 -0.2884573227 -0.0002627546 0.0000000100 -0.0000021488 0.4412687543 0.0159083958 0.1245876742 -0.0855442660 -0.1092594186 0.2000000000 0.0000000000 0.0000000000 1.0000000000 0.0000000000 0.0000000000 0.0000000000 0.0000000000 1.0000000000 0.0000000000 0.0000000000 0.0000000000
-0.1311801821 -0.0025744985 -0.0069303368 -0.0053554252 -0.2309159189 0.0790161503 -0.0855414785 -0.1098416958 0.0067248297 0.0000020979 -0.0045711509 0.1879169552 0.9821704685 0.0053281142 -0.9817302663 0.1879922445 -0.0294040841 -0.0298814672 0.0002947550 0.9995534058 -0.1138818898 -0.0180150568 -0.2991522172 -0.0002859305 0.0000000114 -0.0000024277 0.4397992091 0.0165926025 0.1265876742 -0.0855442660 -0.1092594186 0.2000000000 0.0000000000 0.0000000000 1.0000000000 0.0000000000 0.0000000000 0.0000000000 0.0000000000 1.0000000000 0.0000000000 0.0000000000 0.0000000000
-0.1308855712 -0.0022982305 -0.0047683511 -0.0051769516 -0.2266855240 0.0790871717 -0.0855414964 -0.1098884944 0.0074869392 -0.0000059342 -0.0047883242 0.1926000249 0.9812604457 0.0057591828 -0.9807653523 0.1926857855 -0.0311690830 -0.0316947010 0.0003547592 0.9994975338 -0.1143282128 -0.0184440284 -0.3096526201 -0.0003100613 0.0000000127 -0.0000027294 0.4382766084 0.0172741163 0.1285876742 -0.0855442660 -0.1092594186 0.2000000000 0.0000000000 0.0000000000 1.0000000000 0.0000000000 0.0000000000 0.0000000000 0.0000000000 1.0000000000 0.0000000000 0.0000000000 0.0000000000
-0.1306178719 -0.0020066153 -0.0026927185 -0.0050097993 -0.2225021273 0.0791660402 -0.0855416022 -0.1099374956 0.0082942673 -0.0000154951 -0.0050116720 0.1974378017 0.9802957416 0.0062107552 -0.9797423612 0.1975350204 -0.0329366274 -0.0335144772 0.0004179954 0.9994381447 -0.1146127073 -0.0188859675 -0.3199606548 -0.0003351428 0.0000000141 -0.0000030549 0.4367019182 0.0179528562 0.1305876742 -0.0855442660 -0.1092594186 0.2000000000 0.0000000000 0.0000000000 1.0000000000 0.0000000000 0.0000000000 0.0000000000 0.0000000000 1.0000000000 0.0000000000 0.0000000000 0.0000000000
-0.1303759068 -0.0017034472 -0.0007002485 -0.0048537762 -0.2183662355 0.0792532086 -0.0855418117 -0.1099887573 0.0091469498 -0.0000266616 -0.0052404127 0.2024266838 0.9792746133 0.0066835137 -0.9786596120 0.2025364097 -0.0347039845 -0.0353383859 0.0004841276 0.9993752869 -0.1147412403 -0.0193407456 -0.3300784586 -0.0003611705 0.0000000154 -0.0000034053 0.4350760948 0.0186287423 0.1325876742 -0.0855442660 -0.1092594186 0.2000000000 0.0000000000 0.0000000000 1.0000000000 0.0000000000 0.0000000000 0.0000000000 0.0000000000 1.0000000000 0.0000000000 0.0000000000 0.0000000000
-0.1301592290 -0.0013919150 0.0012123175 -0.0047085714 -0.2142782658 0.0793491310 -0.0855421411 -0.1100423297 0.0100450613 -0.0000395015 -0.0054737963 0.2075630745 0.9781953000 0.0071781076 -0.9775154212 0.2076864212 -0.0364685030 -0.0371641137 0.0005528038 0.9993090228 -0.1147194859 -0.0198078813 -0.3400081917 -0.0003881397 0.0000000165 -0.0000037818 0.4334000847 0.0193016965 0.1345876742 -0.0855442660 -0.1092594186 0.2000000000 0.0000000000 0.0000000000 1.0000000000 0.0000000000 0.0000000000 0.0000000000 0.0000000000 1.0000000000 0.0000000000 0.0000000000 0.0000000000
-0.1299669594 -0.0010745735 0.0030478048 -0.0045737550 -0.2102386951 0.0794542617 -0.0855426075 -0.1100982555 0.0109886171 -0.0000540740 -0.0057110863 0.2128433826 0.9770560266 0.0076951466 -0.9763081061 0.2129815294 -0.0382276102 -0.0389894411 0.0006236598 0.9992394280 -0.1145529186 -0.0202865918 -0.3497520332 -0.0004160454 0.0000000174 -0.0000041854 0.4316748241 0.0199716421 0.1365876742 -0.0855442660 -0.1092594186 0.2000000000 0.0000000000 0.0000000000 1.0000000000 0.0000000000 0.0000000000 0.0000000000 0.0000000000 1.0000000000 0.0000000000 0.0000000000 0.0000000000
-0.1297983080 -0.0007540006 0.0048089698 -0.0044491068 -0.2062477469 0.0795690550 -0.0855432285 -0.1101565703 0.0119775761 -0.0000704287 -0.0059515707 0.2182640228 0.9758550086 0.0082351963 -0.9750359878 0.2184182164 -0.0399788094 -0.0408122382 0.0006963230 0.9991665909 -0.1142468408 -0.0207758526 -0.3593121839 -0.0004448823 0.0000000181 -0.0000046174 0.4299012393 0.0206385041 0.1385876742 -0.0855442660 -0.1092594186 0.2000000000 0.0000000000 0.0000000000 1.0000000000 0.0000000000 0.0000000000 0.0000000000 0.0000000000 1.0000000000 0.0000000000 0.0000000000 0.0000000000
-0.1296526939 -0.0004323802 0.0064983894 -0.0043344405 -0.2023056895 0.0796939645 -0.0855440221 -0.1102173026 0.0130118425 -0.0000886060 -0.0061945606 0.2238214160 0.9745904552 0.0087987731 -0.9736973952 0.2239929712 -0.0417196770 -0.0426304624 0.0007704148 0.9990906116 -0.1138063932 -0.0212744049 -0.3686908549 -0.0004746452 0.0000000184 -0.0000050790 0.4280802460 0.0213022086 0.1405876742 -0.0855442660 -0.1092594186 0.2000000000 0.0000000000 0.0000000000 1.0000000000 0.0000000000 0.0000000000 0.0000000000 0.0000000000 1.0000000000 0.0000000000 0.0000000000 0.0000000000
-0.1295293421 -0.0001115625 0.0081188129 -0.0042293575 -0.1984130740 0.0798294427 -0.0855450068 -0.1102804739 0.0140912687 -0.0001086369 -0.0064393846 0.2295119902 0.9732605730 0.0093863403 -0.9722906671 0.2297022901 -0.0434478614 -0.0444421543 0.0008455541 0.9990116015 -0.1132365678 -0.0217807934 -0.3778902694 -0.0005053283 0.0000000183 -0.0000055713 0.4262127500 0.0219626836 0.1425876742 -0.0855442660 -0.1092594186 0.2000000000 0.0000000000 0.0000000000 1.0000000000 0.0000000000 0.0000000000 0.0000000000 0.0000000000 1.0000000000 0.0000000000 0.0000000000 0.0000000000
-0.1294275224 0.0002068449 0.0096726418 -0.0041335211 -0.1945700794 0.0799759400 -0.0855462011 -0.1103460995 0.0152156567 -0.0001305426 -0.0066853943 0.2353321809 0.9718635699 0.0099983051 -0.9708141554 0.2355426767 -0.0451610797 -0.0462454357 0.0009213593 0.9989296826 -0.1125421957 -0.0222933954 -0.3869126755 -0.0005369258 0.0000000176 -0.0000060956 0.4242996463 0.0226198582 0.1445876742 -0.0855442660 -0.1092594186 0.2000000000 0.0000000000 0.0000000000 1.0000000000 0.0000000000 0.0000000000 0.0000000000 0.0000000000 1.0000000000 0.0000000000 0.0000000000 0.0000000000
-0.1293468177 0.0005215665 0.0111619914 -0.0040467763 -0.1907767802 0.0801339051 -0.0855476239 -0.1104141880 0.0163847607 -0.0001543348 -0.0069319636 0.2412784317 0.9703976581 0.0106350154 -0.9692662278 0.2415106421 -0.0468571171 -0.0480385061 0.0009974505 0.9988449865 -0.1117279725 -0.0228104489 -0.3957603298 -0.0005694316 0.0000000163 -0.0000066530 0.4223418195 0.0232736632 0.1465876742 -0.0855442660 -0.1092594186 0.2000000000 0.0000000000 0.0000000000 1.0000000000 0.0000000000 0.0000000000 0.0000000000 0.0000000000 1.0000000000 0.0000000000 0.0000000000 0.0000000000
-0.1292865723 0.0008310915 0.0125893969 -0.0039687585 -0.1870336086 0.0803037835 -0.0855492941 -0.1104847421 0.0175982888 -0.0001800159 -0.0071784803 0.2473471952 0.9688610573 0.0112967577 -0.9676452700 0.2476027047 -0.0485338244 -0.0498196402 0.0010734512 0.9987576539 -0.1107984774 -0.0233300869 -0.4044354919 -0.0006028394 0.0000000142 -0.0000072448 0.4203401434 0.0239240307 0.1485876742 -0.0855442660 -0.1092594186 0.2000000000 0.0000000000 0.0000000000 1.0000000000 0.0000000000 0.0000000000 0.0000000000 0.0000000000 1.0000000000 0.0000000000 0.0000000000 0.0000000000
-0.1292462498 0.0011342401 0.0139568821 -0.0038993121 -0.1833406836 0.0804860179 -0.0855512305 -0.1105577581 0.0188559050 -0.0002075786 -0.0074243532 0.2535349331 0.9672519978 0.0119837551 -0.9659496881 0.2538153907 -0.0501891172 -0.0515871854 0.0011489900 0.9986678337 -0.1097581525 -0.0238503197 -0.4129404415 -0.0006371428 0.0000000112 -0.0000078723 0.4182954812 0.0245708942 0.1505876742 -0.0855442660 -0.1092594186 0.2000000000 0.0000000000 0.0000000000 1.0000000000 0.0000000000 0.0000000000 0.0000000000 0.0000000000 1.0000000000 0.0000000000 0.0000000000 0.0000000000
-0.1292251199 0.0014307860 0.0152663738 -0.0038380441 -0.1796982586 0.0806810474 -0.0855534519 -0.1106332268 0.0201572308 -0.0002370066 -0.0076690085 0.2598381177 0.9655687236 0.0126961653 -0.9641779110 0.2601452337 -0.0518209744 -0.0533395590 0.0012237023 0.9985756827 -0.1086113372 -0.0243690719 -0.4212774632 -0.0006723348 0.0000000071 -0.0000085365 0.4162086853 0.0252141885 0.1525876742 -0.0855442660 -0.1092594186 0.2000000000 0.0000000000 0.0000000000 1.0000000000 0.0000000000 0.0000000000 0.0000000000 0.0000000000 1.0000000000 0.0000000000 0.0000000000 0.0000000000
-0.1292230189 0.0017193746 0.0165198743 -0.0037847110 -0.1761062890 0.0808893069 -0.0855559768 -0.1107111333 0.0215018479 -0.0002682745 -0.0079118955 0.2662532319 0.9638094946 0.0134340803 -0.9623283919 0.2665887755 -0.0534274369 -0.0550752460 0.0012972309 0.9984813641 -0.1073622614 -0.0248842562 -0.4294488535 -0.0007084087 0.0000000019 -0.0000092388 0.4140805968 0.0258538499 0.1545876742 -0.0855442660 -0.1092594186 0.2000000000 0.0000000000 0.0000000000 1.0000000000 0.0000000000 0.0000000000 0.0000000000 0.0000000000 1.0000000000 0.0000000000 0.0000000000 0.0000000000
-0.1292388737 0.0019996630 0.0177194644 -0.0037392201 -0.1725651771 0.0811112271 -0.0855588234 -0.1107914571 0.0228892988 -0.0003013480 -0.0081524720 0.2727767703 0.9619725900 0.0141975249 -0.9603996105 0.2731425659 -0.0550066075 -0.0567927970 0.0013692273 0.9983850477 -0.1060150633 -0.0253936972 -0.4374569068 -0.0007453572 -0.0000000047 -0.0000099803 0.4119120463 0.0264898160 0.1565876742 -0.0855442660 -0.1092594186 0.2000000000 0.0000000000 0.0000000000 1.0000000000 0.0000000000 0.0000000000 0.0000000000 0.0000000000 1.0000000000 0.0000000000 0.0000000000 0.0000000000
-0.1292725503 0.0022711316 0.0188665036 -0.0037011192 -0.1690745950 0.0813472340 -0.0855620096 -0.1108741726 0.0243190895 -0.0003361843 -0.0083902279 0.2794052397 0.9600563099 0.0149864568 -0.9583900747 0.2798031631 -0.0565566489 -0.0584908257 0.0014393526 0.9982869084 -0.1045737696 -0.0258952045 -0.4453039356 -0.0007831730 -0.0000000127 -0.0000107622 0.4097038529 0.0271220257 0.1585876742 -0.0855442660 -0.1092594186 0.2000000000 0.0000000000 0.0000000000 1.0000000000 0.0000000000 0.0000000000 0.0000000000 0.0000000000 1.0000000000 0.0000000000 0.0000000000 0.0000000000
-0.1293237060 0.0025331418 0.0199630652 -0.0036703460 -0.1656349152 0.0815977482 -0.0855655528 -0.1109592491 0.0257906908 -0.0003727321 -0.0086246610 0.2861351600 0.9580589784 0.0158007658 -0.9562983223 0.2865671337 -0.0580757843 -0.0601680068 0.0015072780 0.9981871263 -0.1030423503 -0.0263865787 -0.4529922378 -0.0008218485 -0.0000000225 -0.0000115857 0.4074568247 0.0277504192 0.1605876742 -0.0855442660 -0.1092594186 0.2000000000 0.0000000000 0.0000000000 1.0000000000 0.0000000000 0.0000000000 0.0000000000 0.0000000000 1.0000000000 0.0000000000 0.0000000000 0.0000000000
-0.1293916404 0.0027855313 0.0210107379 -0.0036466897 -0.1622460634 0.0818631852 -0.0855694698 -0.1110466509 0.0273035392 -0.0004109320 -0.0088552825 0.2929630648 0.9559789453 0.0166402744 -0.9541229219 0.2934310528 -0.0595622961 -0.0618230742 0.0015726856 0.9980858852 -0.1014246744 -0.0268655920 -0.4605241279 -0.0008613758 -0.0000000341 -0.0000124518 0.4051717586 0.0283749381 0.1625876742 -0.0855442660 -0.1092594186 0.2000000000 0.0000000000 0.0000000000 1.0000000000 0.0000000000 0.0000000000 0.0000000000 0.0000000000 1.0000000000 0.0000000000 0.0000000000 0.0000000000
-0.1294757724 0.0030279583 0.0220107976 -0.0036297285 -0.1589080244 0.0821439543 -0.0855737767 -0.1111363376 0.0288570397 -0.0004507169 -0.0090816267 0.2998855023 0.9538145887 0.0175047375 -0.9518624751 0.3003915049 -0.0610145254 -0.0634548189 0.0016352688 0.9979833725 -0.0997245363 -0.0273300344 -0.4679019173 -0.0009017471 -0.0000000478 -0.0000133619 0.4028494400 0.0289955251 0.1645876742 -0.0855442660 -0.1092594186 0.2000000000 0.0000000000 0.0000000000 1.0000000000 0.0000000000 0.0000000000 0.0000000000 0.0000000000 1.0000000000 0.0000000000 0.0000000000 0.0000000000
-0.1295756400 0.0032606150 0.0229651183 -0.0036192820 -0.1556208879 0.0824404591 -0.0855784892 -0.1112282641 0.0304505669 -0.0004920122 -0.0093032474 0.3068990355 0.9515643165 0.0183938436 -0.9495156169 0.3074450835 -0.0624308724 -0.0650620872 0.0016947328 0.9978797787 -0.0979456825 -0.0277777113 -0.4751279166 -0.0009429540 -0.0000000637 -0.0000143169 0.4004906432 0.0296121244 0.1665876742 -0.0855442660 -0.1092594186 0.2000000000 0.0000000000 0.0000000000 1.0000000000 0.0000000000 0.0000000000 0.0000000000 0.0000000000 1.0000000000 0.0000000000 0.0000000000 0.0000000000
-0.1296911389 0.0034828649 0.0238745343 -0.0036153498 -0.1523844004 0.0827530966 -0.0855836217 -0.1113223811 0.0320834663 -0.0005347360 -0.0095197153 0.3140002437 0.9492265685 0.0193072149 -0.9470810175 0.3145883919 -0.0638097956 -0.0666437790 0.0017507946 0.9977752961 -0.0960917599 -0.0282064705 -0.4822044405 -0.0009849883 -0.0000000821 -0.0000153179 0.3980961309 0.0302246810 0.1685876742 -0.0855442660 -0.1092594186 0.2000000000 0.0000000000 0.0000000000 1.0000000000 0.0000000000 0.0000000000 0.0000000000 0.0000000000 1.0000000000 0.0000000000 0.0000000000 0.0000000000
-0.1298216134 0.0036947208 0.0247408748 -0.0036175109 -0.1491986215 0.0830822571 -0.0855891883 -0.1114186349 0.0337550552 -0.0005787996 -0.0097306088 0.3211857225 0.9467998181 0.0202444091 -0.9445573826 0.3218180432 -0.0651498117 -0.0681988460 0.0018031833 0.9976701188 -0.0941664071 -0.0286141684 -0.4891337921 -0.0010278413 -0.0000001031 -0.0000163660 0.3956666545 0.0308331417 0.1705876742 -0.0855442660 -0.1092594186 0.2000000000 0.0000000000 0.0000000000 1.0000000000 0.0000000000 0.0000000000 0.0000000000 0.0000000000 1.0000000000 0.0000000000 0.0000000000 0.0000000000
-0.1299666464 0.0038961368 0.0255653244 -0.0036255561 -0.1460633278 0.0834283240 -0.0855952019 -0.1115169678 0.0354646253 -0.0006241077 -0.0099355279 0.3284520846 0.9442825740 0.0212049194 -0.9419434551 0.3291306608 -0.0664494961 -0.0697262904 0.0018516405 0.9975644420 -0.0921731722 -0.0289986980 -0.4959182773 -0.0010715043 -0.0000001270 -0.0000174623 0.3932029540 0.0314374539 0.1725876742 -0.0855442660 -0.1092594186 0.2000000000 0.0000000000 0.0000000000 1.0000000000 0.0000000000 0.0000000000 0.0000000000 0.0000000000 1.0000000000 0.0000000000 0.0000000000 0.0000000000
-0.1301257014 0.0040876581 0.0263489448 -0.0036394848 -0.1429785788 0.0837916733 -0.0856016743 -0.1116173180 0.0372114430 -0.0006705587 -0.0101340886 0.3357959607 0.9416733816 0.0221881763 -0.9392380151 0.3365228787 -0.0677074825 -0.0712251630 0.0018959204 0.9974584611 -0.0901155593 -0.0293579998 -0.5025601917 -0.0011159683 -0.0000001540 -0.0000186077 0.3907057577 0.0320375668 0.1745876742 -0.0855442660 -0.1092594186 0.2000000000 0.0000000000 0.0000000000 1.0000000000 0.0000000000 0.0000000000 0.0000000000 0.0000000000 1.0000000000 0.0000000000 0.0000000000 0.0000000000
-0.1302986443 0.0042685862 0.0270933937 -0.0036589981 -0.1399440914 0.0841726740 -0.0856086165 -0.1117196203 0.0389947517 -0.0007180451 -0.0103259254 0.3432140000 0.9389708246 0.0231935493 -0.9364398811 0.3439913418 -0.0689224629 -0.0726945620 0.0019357896 0.9973523717 -0.0879970236 -0.0296901065 -0.5090618339 -0.0011612242 -0.0000001844 -0.0000198032 0.3881757825 0.0326334301 0.1765876742 -0.0855442660 -0.1092594186 0.2000000000 0.0000000000 0.0000000000 1.0000000000 0.0000000000 0.0000000000 0.0000000000 0.0000000000 1.0000000000 0.0000000000 0.0000000000 0.0000000000
-0.1304849386 0.0044391700 0.0277991276 -0.0036837659 -0.1369597316 0.0845716869 -0.0856160382 -0.1118238055 0.0408137720 -0.0007664538 -0.0105106815 0.3507028708 0.9361735262 0.0242203479 -0.9335479105 0.3515327067 -0.0700931877 -0.0741336311 0.0019710270 0.9972463687 -0.0858209591 -0.0299930465 -0.5154254893 -0.0012072626 -0.0000002184 -0.0000210498 0.3856137338 0.0332249953 0.1785876742 -0.0855442660 -0.1092594186 0.2000000000 0.0000000000 0.0000000000 1.0000000000 0.0000000000 0.0000000000 0.0000000000 0.0000000000 1.0000000000 0.0000000000 0.0000000000 0.0000000000
-0.1306839734 0.0045998916 0.0284681749 -0.0037139093 -0.1340251565 0.0849890652 -0.0856239482 -0.1119298012 0.0426677035 -0.0008156665 -0.0106880186 0.3582592609 0.9332801504 0.0252678233 -0.9305610001 0.3591436415 -0.0712184660 -0.0755415588 0.0020014241 0.9971406456 -0.0835907590 -0.0302649401 -0.5216534374 -0.0012540741 -0.0000002561 -0.0000223482 0.3830203054 0.0338122144 0.1805876742 -0.0855442660 -0.1092594186 0.2000000000 0.0000000000 0.0000000000 1.0000000000 0.0000000000 0.0000000000 0.0000000000 0.0000000000 1.0000000000 0.0000000000 0.0000000000 0.0000000000
-0.1308957040 0.0047502886 0.0291006248 -0.0037489785 -0.1311403662 0.0854251539 -0.0856323538 -0.1120375316 0.0445557266 -0.0008655599 -0.0108576192 0.3658798785 0.9302894030 0.0263351703 -0.9274780865 0.3668208266 -0.0722971658 -0.0769175762 0.0020267848 0.9970353949 -0.0813097024 -0.0305039749 -0.5277479420 -0.0013016491 -0.0000002979 -0.0000236995 0.3803961798 0.0343950410 0.1825876742 -0.0855442660 -0.1092594186 0.2000000000 0.0000000000 0.0000000000 1.0000000000 0.0000000000 0.0000000000 0.0000000000 0.0000000000 1.0000000000 0.0000000000 0.0000000000 0.0000000000
-0.1311195642 0.0048909602 0.0296976827 -0.0037888850 -0.1283050179 0.0858802899 -0.0856412612 -0.1121469177 0.0464770024 -0.0009160059 -0.0110191715 0.3735614526 0.9272000328 0.0274215292 -0.9242981466 0.3745609553 -0.0733282137 -0.0782609564 0.0020469254 0.9969308064 -0.0789811083 -0.0307083950 -0.5337112670 -0.0013499776 -0.0000003441 -0.0000251044 0.3777420278 0.0349734296 0.1845876742 -0.0855442660 -0.1092594186 0.2000000000 0.0000000000 0.0000000000 1.0000000000 0.0000000000 0.0000000000 0.0000000000 0.0000000000 1.0000000000 0.0000000000 0.0000000000 0.0000000000
-0.1313551068 0.0050216783 0.0302607697 -0.0038335393 -0.1255188733 0.0863548012 -0.0856506753 -0.1122578776 0.0484306747 -0.0009668724 -0.0111723834 0.3813007333 0.9240108326 0.0285259875 -0.9210201977 0.3823607337 -0.0743105962 -0.0795710134 0.0020616742 0.9968270679 -0.0766082329 -0.0308765443 -0.5395456607 -0.0013990498 -0.0000003948 -0.0000265637 0.3750585086 0.0355473356 0.1865876742 -0.0855442660 -0.1092594186 0.2000000000 0.0000000000 0.0000000000 1.0000000000 0.0000000000 0.0000000000 0.0000000000 0.0000000000 1.0000000000 0.0000000000 0.0000000000 0.0000000000
-0.1316020936 0.0051429244 0.0307904519 -0.0038826128 -0.1227816194 0.0868490076 -0.0856605996 -0.1123703265 0.0504158712 -0.0010180230 -0.0113169788 0.3890944926 0.9207206399 0.0296475821 -0.9176432979 0.3902168817 -0.0752433590 -0.0808471007 0.0020708716 0.9967243640 -0.0741942756 -0.0310068052 -0.5452533604 -0.0014488554 -0.0000004503 -0.0000280781 0.3723462702 0.0361167157 0.1885876742 -0.0855442660 -0.1092594186 0.2000000000 0.0000000000 0.0000000000 1.0000000000 0.0000000000 0.0000000000 0.0000000000 0.0000000000 1.0000000000 0.0000000000 0.0000000000 0.0000000000
-0.1318602860 0.0052547045 0.0312875584 -0.0039360770 -0.1200929955 0.0873632199 -0.0856710362 -0.1124841770 0.0524317039 -0.0010693178 -0.0114526924 0.3969395247 0.9173283376 0.0307853014 -0.9141665460 0.3981261333 -0.0761256075 -0.0820886100 0.0020743698 0.9966228761 -0.0717424165 -0.0310976710 -0.5508365895 -0.0014993842 -0.0000005108 -0.0000296484 0.3696059490 0.0366815276 0.1905876742 -0.0855442660 -0.1092594186 0.2000000000 0.0000000000 0.0000000000 1.0000000000 0.0000000000 0.0000000000 0.0000000000 0.0000000000 1.0000000000 0.0000000000 0.0000000000 0.0000000000
-0.1321288347 0.0053572594 0.0317531489 -0.0039938418 -0.1174526364 0.0878977399 -0.0856819860 -0.1125993388 0.0544772705 -0.0011206134 -0.0115792693 0.4048326463 0.9138328551 0.0319380873 -0.9105890821 0.4060852369 -0.0769565070 -0.0832949702 0.0020720327 0.9965227818 -0.0692558106 -0.0311477066 -0.5562975592 -0.0015506258 -0.0000005767 -0.0000312751 0.3668381700 0.0372417299 0.1925876742 -0.0855442660 -0.1092594186 0.2000000000 0.0000000000 0.0000000000 1.0000000000 0.0000000000 0.0000000000 0.0000000000 0.0000000000 1.0000000000 0.0000000000 0.0000000000 0.0000000000
-0.1324079037 0.0054503018 0.0321879759 -0.0040556397 -0.1148601547 0.0884528604 -0.0856934480 -0.1127157196 0.0565516562 -0.0011717634 -0.0116964813 0.4127706973 0.9102331686 0.0331048378 -0.9069100870 0.4140909560 -0.0777352830 -0.0844656469 0.0020637357 0.9964242548 -0.0667375647 -0.0311555583 -0.5616384642 -0.0016025694 -0.0000006482 -0.0000329589 0.3640435470 0.0377972823 0.1945876742 -0.0855442660 -0.1092594186 0.2000000000 0.0000000000 0.0000000000 1.0000000000 0.0000000000 0.0000000000 0.0000000000 0.0000000000 1.0000000000 0.0000000000 0.0000000000 0.0000000000
-0.1326967180 0.0055350740 0.0325927362 -0.0041214116 -0.1123152003 0.0890288650 -0.0857054202 -0.1128332245 0.0586539331 -0.0012226186 -0.0118040999 0.4207505410 0.9065283016 0.0342844085 -0.9031287827 0.4221400697 -0.0784612217 -0.0856001406 0.0020493654 0.9963274643 -0.0641907718 -0.0311199288 -0.5668614817 -0.0016552046 -0.0000007254 -0.0000347004 0.3612226823 0.0383481453 0.1965876742 -0.0855442660 -0.1092594186 0.2000000000 0.0000000000 0.0000000000 1.0000000000 0.0000000000 0.0000000000 0.0000000000 0.0000000000 1.0000000000 0.0000000000 0.0000000000 0.0000000000
-0.1329953074 0.0056106378 0.0329682864 -0.0041908282 -0.1098176092 0.0896260279 -0.0857178989 -0.1129517566 0.0607831628 -0.0012730271 -0.0119019209 0.4287690640 0.9027173259 0.0354756155 -0.8992444322 0.4302293731 -0.0791336694 -0.0866979862 0.0020288196 0.9962325748 -0.0616184681 -0.0310396793 -0.5719687730 -0.0017085202 -0.0000008088 -0.0000365000 0.3583761670 0.0388942806 0.1985876742 -0.0855442660 -0.1092594186 0.2000000000 0.0000000000 0.0000000000 1.0000000000 0.0000000000 0.0000000000 0.0000000000 0.0000000000 1.0000000000 0.0000000000 0.0000000000 0.0000000000
-0.1333029270 0.0056778812 0.0333151929 -0.0042639519 -0.1073667333 0.0902446138 -0.0857308787 -0.1130712168 0.0629383957 -0.0013228350 -0.0119897432 0.4368231774 0.8987993613 0.0366772381 -0.8952563393 0.4383556776 -0.0797520333 -0.0877587521 0.0020020067 0.9961397459 -0.0590236853 -0.0309136824 -0.5769624916 -0.0017625055 -0.0000008985 -0.0000383583 0.3555045811 0.0394356506 0.2005876742 -0.0855442660 -0.1092594186 0.2000000000 0.0000000000 0.0000000000 1.0000000000 0.0000000000 0.0000000000 0.0000000000 0.0000000000 1.0000000000 0.0000000000 0.0000000000 0.0000000000
-0.1336195320 0.0057368665 0.0336343013 -0.0043406030 -0.1049623340 0.0908848781 -0.0857443530 -0.1131915043 0.0651186738 -0.0013718864 -0.0120673890 0.4449098163 0.8947735766 0.0378880201 -0.8911638485 0.4465158120 -0.0803157816 -0.0887820392 0.0019688458 0.9960491319 -0.0564094139 -0.0307409493 -0.5818447620 -0.0018171492 -0.0000009947 -0.0000402755 0.3526084935 0.0399722188 0.2025876742 -0.0855442660 -0.1092594186 0.2000000000 0.0000000000 0.0000000000 1.0000000000 0.0000000000 0.0000000000 0.0000000000 0.0000000000 1.0000000000 0.0000000000 0.0000000000 0.0000000000
-0.1339447498 0.0057874196 0.0339262784 -0.0044206632 -0.1026038677 0.0915470663 -0.0857583134 -0.1133125165 0.0673230299 -0.0014200237 -0.0121346852 0.4530259404 0.8906391893 0.0391066733 -0.8869663448 0.4547066224 -0.0808244435 -0.0897674801 0.0019292664 0.9959608815 -0.0537786074 -0.0305205679 -0.5866176975 -0.0018724401 -0.0000010978 -0.0000422521 0.3496884619 0.0405039496 0.2045876742 -0.0855442660 -0.1092594186 0.2000000000 0.0000000000 0.0000000000 1.0000000000 0.0000000000 0.0000000000 0.0000000000 0.0000000000 1.0000000000 0.0000000000 0.0000000000 0.0000000000
-0.1342780143 0.0058303680 0.0341916643 -0.0045038336 -0.1002909392 0.0922314145 -0.0857727499 -0.1134341491 0.0695504891 -0.0014670879 -0.0121914719 0.4611685341 0.8863954663 0.0403318793 -0.8826632537 0.4629249733 -0.0812776091 -0.0907147384 0.0018832080 0.9958751376 -0.0511342004 -0.0302516929 -0.5912833869 -0.0019283669 -0.0000012079 -0.0000442885 0.3467450331 0.0410308081 0.2065876742 -0.0855442660 -0.1092594186 0.2000000000 0.0000000000 0.0000000000 1.0000000000 0.0000000000 0.0000000000 0.0000000000 0.0000000000 1.0000000000 0.0000000000 0.0000000000 0.0000000000
-0.1346190125 0.0058655962 0.0344314501 -0.0045902962 -0.0980231762 0.0929381486 -0.0857876510 -0.1135562962 0.0718000703 -0.0015129188 -0.0122376073 0.4693346067 0.8820417240 0.0415622920 -0.8782540406 0.4711677472 -0.0816749299 -0.0916235075 0.0018306202 0.9957920374 -0.0484790818 -0.0299336150 -0.5958439008 -0.0019849182 -0.0000013253 -0.0000463847 0.3437787430 0.0415527605 0.2085876742 -0.0855442660 -0.1092594186 0.2000000000 0.0000000000 0.0000000000 1.0000000000 0.0000000000 0.0000000000 0.0000000000 0.0000000000 1.0000000000 0.0000000000 0.0000000000 0.0000000000
-0.1349675357 0.0058929287 0.0346458517 -0.0046795714 -0.0958000794 0.0936674850 -0.0858030036 -0.1136788507 0.0740707862 -0.0015573552 -0.0122729609 0.4775211927 0.8775773280 0.0427965404 -0.8737382109 0.4794318463 -0.0820161182 -0.0924935102 0.0017714619 0.9957117115 -0.0458160956 -0.0295656821 -0.6003012931 -0.0020420823 -0.0000014502 -0.0000485411 0.3407901169 0.0420697738 0.2105876742 -0.0855442660 -0.1092594186 0.2000000000 0.0000000000 0.0000000000 1.0000000000 0.0000000000 0.0000000000 0.0000000000 0.0000000000 1.0000000000 0.0000000000 0.0000000000 0.0000000000
-0.1353233606 0.0059131910 0.0348355621 -0.0047717812 -0.0936210528 0.0944196300 -0.0858187929 -0.1138017041 0.0763616443 -0.0016002355 -0.0122974106 0.4857253514 0.8730016939 0.0440332307 -0.8691153094 0.4877141919 -0.0823009472 -0.0933244979 0.0017057016 0.9956342846 -0.0431480895 -0.0291473251 -0.6046575949 -0.0020998476 -0.0000015828 -0.0000507578 0.3377796691 0.0425818156 0.2125876742 -0.0855442660 -0.1092594186 0.2000000000 0.0000000000 0.0000000000 1.0000000000 0.0000000000 0.0000000000 0.0000000000 0.0000000000 1.0000000000 0.0000000000 0.0000000000 0.0000000000
-0.1356859207 0.0059262668 0.0350011066 -0.0048667765 -0.0914858207 0.0951947802 -0.0858350025 -0.1139247469 0.0786716472 -0.0016413975 -0.0123108432 0.4939441679 0.8683142865 0.0452709489 -0.8643849203 0.4960117258 -0.0825292516 -0.0941162497 0.0016333170 0.9955598746 -0.0404778499 -0.0286781010 -0.6089148101 -0.0021582023 -0.0000017234 -0.0000530349 0.3347479035 0.0430888546 0.2145876742 -0.0855442660 -0.1092594186 0.2000000000 0.0000000000 0.0000000000 1.0000000000 0.0000000000 0.0000000000 0.0000000000 0.0000000000 1.0000000000 0.0000000000 0.0000000000 0.0000000000
-0.1360551715 0.0057547195 0.0349323861 -0.0049184188 -0.0893937871 0.0959931220 -0.0858516145 -0.1140478684 0.0809997944 -0.0016806787 -0.0123131626 0.5021747523 0.8635146204 0.0465082633 -0.8595466667 0.5043214100 -0.0827009264 -0.0948685720 0.0015542945 0.9954885927 -0.0378081414 -0.0281576405 -0.6130749303 -0.0022171347 -0.0000018721 -0.0000553724 0.3316953134 0.0435908602 0.2165876742 -0.0855442660 -0.1092594186 0.2000000000 0.0000000000 0.0000000000 1.0000000000 0.0000000000 0.0000000000 0.0000000000 0.0000000000 1.0000000000 0.0000000000 0.0000000000 0.0000000000
