# Actions and States
# action[0], ..., state[0], ..., command[0], ...
-0.1183086187 0.0000118581 -0.0007006375 -0.0133780306 0.0010193224 -0.0628105185 0.1774474555 -0.3330422863 0.0000000000 0.0000000000 0.0000000000 -0.6383035392 0.7697847699 0.0000000000 -0.7697847699 -0.6383035392 0.0000000000 0.0000000000 0.0000000000 1.0000000000 0.0000000000 0.0000000000 0.0000000000 -0.0000000112 0.0000000000 -0.0000000005 -0.0000022288 -0.0000000056 -0.0627926812 0.1774474233 -0.3330414891 0.0035653345 -0.0000070021 0.0001626396 -0.6383104031 0.7697790782 0.0000000000 0.0000000000 0.0000000000 0.0017826970
-0.1190633997 0.0000234925 -0.0013773720 -0.0133736208 0.0018806837 -0.0628105185 0.1774474555 -0.3330450922 0.0000000067 0.0000000001 -0.0011223762 -0.6383038194 0.7697845375 -0.0000002489 -0.7697845375 -0.6383038194 -0.0000003107 -0.0000003981 -0.0000000067 1.0000000000 -0.0001242976 0.0000995662 0.0001456175 -0.0000000669 0.0000000001 -0.0000000100 -0.0000085527 -0.0000000325 -0.0627704114 0.1774473786 -0.3330404758 0.0053427671 -0.0000157413 0.0002439588 -0.6383189754 0.7697719699 -0.0000002489 0.0000000000 0.0000000000 0.0026714824
-0.1198067591 0.0000348433 -0.0020301125 -0.0133689726 0.0026081745 -0.0628105184 0.1774474555 -0.3330534126 0.0000000597 0.0000000010 -0.0022057835 -0.6383048969 0.7697836440 -0.0000012360 -0.7697836440 -0.6383048969 -0.0000015432 -0.0000019769 -0.0000000336 1.0000000000 -0.0003686775 0.0002952710 0.0004142866 -0.0000002118 0.0000000004 -0.0000000514 -0.0000182891 -0.0000000996 -0.0627392605 0.1774472594 -0.3330390453 0.0071166600 -0.0000279606 0.0003252772 -0.6383309652 0.7697620274 -0.0000012361 0.0000000000 0.0000000000 0.0035585624
-0.1205384433 0.0000457807 -0.0026587951 -0.0133641753 0.0032222196 -0.0628105177 0.1774474555 -0.3330670541 0.0000002371 0.0000000040 -0.0032508116 -0.6383072085 0.7697817272 -0.0000034334 -0.7697817272 -0.6383072085 -0.0000042871 -0.0000054917 -0.0000000935 1.0000000000 -0.0007288982 0.0005836871 0.0007868829 -0.0000004902 0.0000000010 -0.0000001537 -0.0000308620 -0.0000002225 -0.0626992509 0.1774470955 -0.3330371976 0.0088869762 -0.0000436511 0.0004065947 -0.6383463656 0.7697492562 -0.0000034336 0.0000000000 0.0000000000 0.0044439389
-0.1212583110 0.0000562713 -0.0032633760 -0.0133593185 0.0037401272 -0.0628105156 0.1774474555 -0.3330858263 0.0000006540 0.0000000111 -0.0042580632 -0.6383111230 0.7697784813 -0.0000072962 -0.7697784812 -0.6383111230 -0.0000091110 -0.0000116707 -0.0000001992 0.9999999999 -0.0012006851 0.0009614033 0.0012472000 -0.0000009465 0.0000000024 -0.0000003453 -0.0000457837 -0.0000004141 -0.0626503974 0.1774468273 -0.3330349624 0.0106536774 -0.0000628037 0.0004879109 -0.6383651701 0.7697336614 -0.0000072968 0.0000000000 0.0000000000 0.0053276121
-0.1219662130 0.0000661946 -0.0038438423 -0.0133541934 0.0041765640 -0.0628105105 0.1774474556 -0.3331095418 0.0000014610 0.0000000249 -0.0052281485 -0.6383169514 0.7697736481 -0.0000132623 -0.7697736480 -0.6383169516 -0.0000165620 -0.0000212146 -0.0000003629 0.9999999998 -0.0017797486 0.0014250117 0.0017815039 -0.0000016249 0.0000000049 -0.0000006533 -0.0000626415 -0.0000006850 -0.0625927150 0.1774464548 -0.3330323398 0.0124167288 -0.0000854096 0.0005692256 -0.6383873716 0.7697152483 -0.0000132638 0.0000000000 0.0000000000 0.0062095806
-0.1226622537 0.0000754958 -0.0044002114 -0.0133490385 0.0045439587 -0.0628105001 0.1774474558 -0.3331380164 0.0000028427 0.0000000486 -0.0061616852 -0.6383249561 0.7697670101 -0.0000217529 -0.7697670097 -0.6383249565 -0.0000271657 -0.0000347967 -0.0000005959 0.9999999994 -0.0024617763 0.0019711275 0.0023781559 -0.0000025696 0.0000000090 -0.0000011039 -0.0000810859 -0.0000010442 -0.0625262335 0.1774459630 -0.3330292702 0.0141760921 -0.0001114598 0.0006505386 -0.6384129634 0.7696940218 -0.0000217560 0.0000000000 0.0000000000 0.0070898406
-0.1233464405 0.0000841089 -0.0049325041 -0.0133435559 0.0048528430 -0.0628104808 0.1774474561 -0.3331710688 0.0000050160 0.0000000858 -0.0070592857 -0.6383353579 0.7697583840 -0.0000331721 -0.7697583829 -0.6383353588 -0.0000414259 -0.0000530628 -0.0000009091 0.9999999986 -0.0032424478 0.0025963814 0.0030272929 -0.0000038245 0.0000000152 -0.0000017226 -0.0001008214 -0.0000014988 -0.0624509603 0.1774453372 -0.3330258131 0.0159317311 -0.0001409452 0.0007318496 -0.6384419384 0.7696699872 -0.0000331779 0.0000000000 0.0000000000 0.0079683862
-0.1240185276 0.0000919730 -0.0054407916 -0.0133381030 0.0051121353 -0.0628104482 0.1774474567 -0.3332085209 0.0000082294 0.0000001409 -0.0079215620 -0.6383483424 0.7697476154 -0.0000479075 -0.7697476131 -0.6383483442 -0.0000598249 -0.0000766317 -0.0000013124 0.9999999971 -0.0041174338 0.0032974229 0.0037205562 -0.0000054337 0.0000000242 -0.0000025338 -0.0001215977 -0.0000020545 -0.0623669215 0.1774445474 -0.3330219686 0.0176836085 -0.0001738570 0.0008131584 -0.6384742893 0.7696431493 -0.0000479173 0.0000000000 0.0000000000 0.0088452086
-0.1246785372 0.0000990166 -0.0059251473 -0.0133325011 0.0053293952 -0.0628103963 0.1774474576 -0.3332501977 0.0000127607 0.0000002184 -0.0087491387 -0.6383640654 0.7697345748 -0.0000663298 -0.7697345703 -0.6383640689 -0.0000828233 -0.0001060945 -0.0000018150 0.9999999944 -0.0050824054 0.0040709259 0.0044508612 -0.0000074409 0.0000000368 -0.0000035610 -0.0001432033 -0.0000027161 -0.0622741319 0.1774435937 -0.3330177069 0.0194316879 -0.0002101862 0.0008944647 -0.6385100089 0.7696135132 -0.0000663455 0.0000000000 0.0000000000 0.0097202962
-0.1253264397 0.0001052013 -0.0063856826 -0.0133266905 0.0055110231 -0.0628103179 0.1774474589 -0.3332959271 0.0000189160 0.0000003236 -0.0095426393 -0.6383826574 0.7697191532 -0.0000887935 -0.7697191452 -0.6383826636 -0.0001108600 -0.0001420153 -0.0000024251 0.9999999899 -0.0061330335 0.0049135913 0.0052122034 -0.0000098897 0.0000000538 -0.0000048270 -0.0001654592 -0.0000034871 -0.0621726103 0.1774424464 -0.3330130279 0.0211759340 -0.0002499238 0.0009757683 -0.6385490894 0.7695810839 -0.0000888175 0.0000000000 0.0000000000 0.0105936344
-0.1259619743 0.0001104649 -0.0068225181 -0.0133207608 0.0056624445 -0.0628102039 0.1774474608 -0.3333455404 0.0000270285 0.0000004620 -0.0103026888 -0.6384042274 0.7697012596 -0.0001156364 -0.7697012461 -0.6384042379 -0.0001443522 -0.0001849309 -0.0000031496 0.9999999829 -0.0072650001 0.0058221460 0.0059994924 -0.0000128237 0.0000000760 -0.0000063536 -0.0001882143 -0.0000043705 -0.0620623790 0.1774410903 -0.3330079317 0.0229163114 -0.0002930609 0.0010570689 -0.6385915230 0.7695458661 -0.0001156715 0.0000000000 0.0000000000 0.0114652056
-0.1265859902 0.0001147650 -0.0072358013 -0.0133147417 0.0057882466 -0.0628100437 0.1774474636 -0.3333988720 0.0000374566 0.0000006393 -0.0110299256 -0.6384288661 0.7696808178 -0.0001471804 -0.7696807959 -0.6384288831 -0.0001836955 -0.0002353511 -0.0000039946 0.9999999723 -0.0084739967 0.0067933487 0.0068084130 -0.0000162863 0.0000001044 -0.0000081620 -0.0002113406 -0.0000053684 -0.0619434565 0.1774395108 -0.3330024481 0.0246527810 -0.0003395885 0.0011383663 -0.6386373015 0.7695078646 -0.0001472302 0.0000000000 0.0000000000 0.0123349891
-0.1271973699 0.0001180614 -0.0076256962 -0.0133086033 0.0058923196 -0.0628098248 0.1774474673 -0.3334557592 0.0000505828 0.0000008616 -0.0117249442 -0.6384566487 0.7696577642 -0.0001837312 -0.7696577301 -0.6384566751 -0.0002292638 -0.0002937591 -0.0000049649 0.9999999568 -0.0097557321 0.0078239897 0.0076353054 -0.0000203207 0.0000001402 -0.0000102722 -0.0002347302 -0.0000064824 -0.0618158579 0.1774376780 -0.3329965472 0.0263853110 -0.0003894977 0.0012196602 -0.6386864164 0.7694670844 -0.0001837997 0.0000000000 0.0000000000 0.0132029613
-0.1277967393 0.0001203050 -0.0079923915 -0.0133023160 0.0059779552 -0.0628095327 0.1774474723 -0.3335160425 0.0000668124 0.0000011352 -0.0123883967 -0.6384876370 0.7696320462 -0.0002255787 -0.7696319948 -0.6384876768 -0.0002814097 -0.0003606112 -0.0000060640 0.9999999350 -0.0111059354 0.0089108929 0.0084770654 -0.0000249699 0.0000001846 -0.0000127038 -0.0002582917 -0.0000077135 -0.0616796091 0.1774356067 -0.3329902589 0.0281138606 -0.0004427795 0.0013009504 -0.6387388587 0.7694235300 -0.0002256706 0.0000000000 0.0000000000 0.0140690953
-0.1283839792 0.0001214948 -0.0083360868 -0.0132959997 0.0060479390 -0.0628091509 0.1774474788 -0.3335795658 0.0000865720 0.0000014665 -0.0130209028 -0.6385218817 0.7696036201 -0.0002729971 -0.7696035448 -0.6385219400 -0.0003404644 -0.0004363373 -0.0000072944 0.9999999048 -0.0125203599 0.0100509208 0.0093310590 -0.0000302768 0.0000002388 -0.0000154752 -0.0002819483 -0.0000090623 -0.0615347251 0.1774332523 -0.3329835534 0.0298384000 -0.0004994249 0.0013822366 -0.6387946191 0.7693772062 -0.0002731178 0.0000000000 0.0000000000 0.0149333618
-0.1289592236 0.0001215753 -0.0086570056 -0.0132895932 0.0061046281 -0.0628086604 0.1774474871 -0.3336461757 0.0001103082 0.0000018619 -0.0136230883 -0.6385594239 0.7695724500 -0.0003262451 -0.7695723425 -0.6385595072 -0.0004067376 -0.0005213410 -0.0000086569 0.9999998641 -0.0139947916 0.0112409670 0.0101950502 -0.0000362841 0.0000003040 -0.0000186043 -0.0003056348 -0.0000105292 -0.0613812320 0.1774305999 -0.3329764307 0.0315588899 -0.0005594251 0.0014635186 -0.6388536878 0.7693281176 -0.0003264006 0.0000000000 0.0000000000 0.0157957285
-0.1295223385 0.0001205239 -0.0089553772 -0.0132830674 0.0061500156 -0.0628080404 0.1774474975 -0.3337157224 0.0001384864 0.0000023281 -0.0141955719 -0.6386002962 0.7695385065 -0.0003855661 -0.7695383565 -0.6386004126 -0.0004805182 -0.0006159999 -0.0000101512 0.9999998102 -0.0155250461 0.0124779693 0.0110671400 -0.0000430343 0.0000003818 -0.0000221083 -0.0003292965 -0.0000121140 -0.0612191446 0.1774276495 -0.3329689205 0.0332752950 -0.0006227711 0.0015447963 -0.6389160544 0.7692762688 -0.0003857632 0.0000000000 0.0000000000 0.0166561605
-0.1300733835 0.0001183366 -0.0092314631 -0.0132764522 0.0061857947 -0.0628072674 0.1774475105 -0.3337880588 0.0001715893 0.0000028712 -0.0147389792 -0.6386445245 0.7695017659 -0.0004511882 -0.7695015607 -0.6386446838 -0.0005620742 -0.0007206660 -0.0000117755 0.9999997403 -0.0171069740 0.0137589043 0.0119457136 -0.0000505696 0.0000004737 -0.0000260033 -0.0003528870 -0.0000138167 -0.0610484853 0.1774243712 -0.3329609931 0.0349875800 -0.0006894539 0.0016260691 -0.6389817082 0.7692216644 -0.0004514345 0.0000000000 0.0000000000 0.0175146208
-0.1306121051 0.0001149853 -0.0094855353 -0.0132697783 0.0062133884 -0.0628063155 0.1774475263 -0.3338630410 0.0002101157 0.0000034978 -0.0152539325 -0.6386921284 0.7694622091 -0.0005233251 -0.7694619333 -0.6386923427 -0.0006516525 -0.0008356657 -0.0000135266 0.9999996507 -0.0187364701 0.0150807888 0.0128293986 -0.0000589322 0.0000005812 -0.0000303051 -0.0003763675 -0.0000156366 -0.0608692765 0.1774207503 -0.3329526484 0.0366957113 -0.0007594646 0.0017073370 -0.6390506378 0.7691643088 -0.0005236287 0.0000000000 0.0000000000 0.0183710701
-0.1311392486 0.0001104618 -0.0097178705 -0.0132629843 0.0062340060 -0.0628051563 0.1774475456 -0.3339405286 0.0002545795 0.0000042137 -0.0157410668 -0.6387431224 0.7694198210 -0.0006021753 -0.7694194562 -0.6387434060 -0.0007494800 -0.0009613002 -0.0000153998 0.9999995378 -0.0204094714 0.0164406850 0.0137170255 -0.0000681637 0.0000007061 -0.0000350285 -0.0003997051 -0.0000175731 -0.0606815331 0.1774167717 -0.3329439163 0.0383996554 -0.0008327942 0.0017885998 -0.6391228312 0.7691042066 -0.0006025451 0.0000000000 0.0000000000 0.0192254675
-0.1316543967 0.0001047570 -0.0099287732 -0.0132561605 0.0062486702 -0.0628037589 0.1774475686 -0.3340203837 0.0003055080 0.0000050250 -0.0162009788 -0.6387975163 0.7693745901 -0.0006879231 -0.7693741144 -0.6387978865 -0.0008557628 -0.0010978459 -0.0000173889 0.9999993972 -0.0221219614 0.0178356978 0.0146075978 -0.0000783058 0.0000008500 -0.0000401877 -0.0004228722 -0.0000196254 -0.0604852848 0.1774124205 -0.3329347670 0.0400993712 -0.0009094338 0.0018698570 -0.6391982758 0.7690413621 -0.0006883688 0.0000000000 0.0000000000 0.0200777702
-0.1321578622 0.0000978671 -0.0101185450 -0.0132492771 0.0062582423 -0.0628020896 0.1774475960 -0.3341024718 0.0003634411 0.0000059369 -0.0166342863 -0.6388553164 0.7693265075 -0.0007807385 -0.7693258954 -0.6388557931 -0.0009706872 -0.0012455547 -0.0000194864 0.9999992241 -0.0238699745 0.0192629783 0.0155002650 -0.0000893997 0.0000010149 -0.0000457963 -0.0004458457 -0.0000217925 -0.0602805465 0.1774076670 -0.3329252005 0.0417948328 -0.0009893746 0.0019511086 -0.6392769584 0.7689757797 -0.0007812705 0.0000000000 0.0000000000 0.0209279342
-0.1326492429 0.0000897809 -0.0102875186 -0.0132422457 0.0062634554 -0.0628001119 0.1774476282 -0.3341866615 0.0004289299 0.0000069546 -0.0170415907 -0.6389165252 0.7692755671 -0.0008807775 -0.7692747889 -0.6389171319 -0.0010944198 -0.0014046542 -0.0000216829 0.9999990132 -0.0256495971 0.0207197227 0.0163942996 -0.0001014864 0.0000012027 -0.0000518670 -0.0004686061 -0.0000240734 -0.0600673445 0.1774025112 -0.3329152465 0.0434859991 -0.0010726075 0.0020323542 -0.6393588652 0.7689074637 -0.0008814068 0.0000000000 0.0000000000 0.0217759148
-0.1331291944 0.0000805142 -0.0104360310 -0.0132352430 0.0062649245 -0.0627977868 0.1774476657 -0.3342728243 0.0005025355 0.0000080825 -0.0174235139 -0.6389811424 0.7692217646 -0.0009881824 -0.7692207862 -0.6389819061 -0.0012271073 -0.0015753484 -0.0000239680 0.9999987589 -0.0274569714 0.0222031774 0.0172890789 -0.0001146067 0.0000014155 -0.0000584122 -0.0004911370 -0.0000264671 -0.0598456971 0.1773969382 -0.3329048753 0.0451728366 -0.0011591236 0.0021135935 -0.6394439818 0.7688364184 -0.0009889208 0.0000000000 0.0000000000 0.0226216663
-0.1335971951 0.0000700792 -0.0105644185 -0.0132281510 0.0062631746 -0.0627950721 0.1774477092 -0.3343608347 0.0005848278 0.0000093248 -0.0177806438 -0.6390491653 0.7691650977 -0.0011030820 -0.7691638801 -0.6390501168 -0.0013688775 -0.0017578175 -0.0000263292 0.9999984547 -0.0292883009 0.0237106350 0.0181840681 -0.0001288008 0.0000016552 -0.0000654433 -0.0005134249 -0.0000289722 -0.0596156232 0.1773909181 -0.3328941166 0.0468553156 -0.0012489140 0.0021948265 -0.6395322928 0.7687626481 -0.0011039418 0.0000000000 0.0000000000 0.0234651427
-0.1340538412 0.0000584684 -0.0106730601 -0.0132210599 0.0062586474 -0.0627919231 0.1774477592 -0.3344505703 0.0006763848 0.0000106846 -0.0181135947 -0.6391205887 0.7691055656 -0.0012255916 -0.7691040645 -0.6391217631 -0.0015198391 -0.0019522190 -0.0000287530 0.9999980940 -0.0311398494 0.0252394347 0.0190788074 -0.0001441089 0.0000019242 -0.0000729712 -0.0005354582 -0.0000315874 -0.0593771487 0.1773844510 -0.3328829408 0.0485333949 -0.0013419698 0.0022760530 -0.6396237826 0.7686861568 -0.0012265860 0.0000000000 0.0000000000 0.0243062982
-0.1344992518 0.0000457121 -0.0107623069 -0.0132139679 0.0062517216 -0.0627882919 0.1774478162 -0.3345419117 0.0007777910 0.0000121647 -0.0184229499 -0.6391954053 0.7690431689 -0.0013558136 -0.7690413343 -0.6391968425 -0.0016800822 -0.0021586875 -0.0000312242 0.9999976695 -0.0330079461 0.0267869713 0.0199728998 -0.0001605707 0.0000022246 -0.0000810063 -0.0005572276 -0.0000343116 -0.0591302961 0.1773774922 -0.3328713477 0.0502070487 -0.0014382820 0.0023572722 -0.6397184346 0.7686069488 -0.0013569562 0.0000000000 0.0000000000 0.0251450869
-0.1349329799 0.0000317935 -0.0108325444 -0.0132066375 0.0062427102 -0.0627841278 0.1774478810 -0.3346347423 0.0008896364 0.0000137668 -0.0187092862 -0.6392736063 0.7689779091 -0.0014938376 -0.7689756853 -0.6392753508 -0.0018496786 -0.0023773355 -0.0000337259 0.9999971736 -0.0348889861 0.0283506848 0.0208660029 -0.0001782255 0.0000025589 -0.0000895584 -0.0005787251 -0.0000371432 -0.0588750876 0.1773700565 -0.3328593671 0.0518762358 -0.0015378417 0.0024384845 -0.6398162317 0.7685250280 -0.0014951429 0.0000000000 0.0000000000 0.0259814640
-0.1353558153 0.0000167685 -0.0108841527 -0.0131994272 0.0062318882 -0.0627793772 0.1774479541 -0.3347289485 0.0010125157 0.0000154919 -0.0189732031 -0.6393551812 0.7689097889 -0.0016397408 -0.7689071136 -0.6393572829 -0.0020286820 -0.0026082537 -0.0000362400 0.9999965978 -0.0367794301 0.0299280731 0.0217578187 -0.0001971124 0.0000029295 -0.0000986366 -0.0005999443 -0.0000400810 -0.0586115420 0.1773621142 -0.3328469694 0.0535409264 -0.0016406401 0.0025196893 -0.6399171560 0.7684403986 -0.0016412235 0.0000000000 0.0000000000 0.0268153853
-0.1357671916 0.0000006417 -0.0109175332 -0.0131921265 0.0062194839 -0.0627739833 0.1774480362 -0.3348244197 0.0011470269 0.0000173401 -0.0192152588 -0.6394401179 0.7688388119 -0.0017935878 -0.7688356160 -0.6394426322 -0.0022171288 -0.0028515112 -0.0000387469 0.9999959337 -0.0386758135 0.0315166783 0.0226480884 -0.0002172698 0.0000033389 -0.0001082494 -0.0006208799 -0.0000431234 -0.0583396852 0.1773536503 -0.3328341544 0.0552010871 -0.0017466680 0.0026008864 -0.6400211890 0.7683530645 -0.0017952636 0.0000000000 0.0000000000 0.0276468081
-0.1361674964 -0.0000165589 -0.0109330909 -0.0131847970 0.0062056934 -0.0627678866 0.1774481277 -0.3349210479 0.0012937707 0.0000193104 -0.0194360403 -0.6395284033 0.7687649821 -0.0019554315 -0.7687611898 -0.6395313914 -0.0024150378 -0.0031071564 -0.0000412254 0.9999951719 -0.0405747436 0.0331140992 0.0235365861 -0.0002387360 0.0000037897 -0.0001184051 -0.0006415276 -0.0000462690 -0.0580595396 0.1773446351 -0.3328209519 0.0568566807 -0.0018559168 0.0026820756 -0.6401283117 0.7682630294 -0.0019573162 0.0000000000 0.0000000000 0.0284756911
-0.1365568787 -0.0000348240 -0.0109312292 -0.0131774964 0.0061906879 -0.0627610243 0.1774482295 -0.3350187283 0.0014533492 0.0000214008 -0.0196361143 -0.6396200229 0.7686883044 -0.0021253129 -0.7686838324 -0.6396235524 -0.0026224112 -0.0033752170 -0.0000436530 0.9999943030 -0.0424729029 0.0347179867 0.0244231137 -0.0002615488 0.0000042847 -0.0001291111 -0.0006618839 -0.0000495163 -0.0577711277 0.1773350835 -0.3328073621 0.0585076809 -0.0019683775 0.0027632564 -0.6402385042 0.7681702974 -0.0021274231 0.0000000000 0.0000000000 0.0293019952
-0.1369358599 -0.0000540875 -0.0109123783 -0.0131701063 0.0061746091 -0.0627533308 0.1774483419 -0.3351173587 0.0016263651 0.0000236082 -0.0198160392 -0.6397149613 0.7686087843 -0.0023032615 -0.7686035416 -0.6397191060 -0.0028392343 -0.0036557008 -0.0000460057 0.9999933168 -0.0443670471 0.0363260471 0.0253074977 -0.0002857456 0.0000048266 -0.0001403744 -0.0006819461 -0.0000528639 -0.0574744679 0.1773249507 -0.3327933252 0.0601540469 -0.0020840410 0.0028444291 -0.6403517464 0.7680748721 -0.0023056140 0.0000000000 0.0000000000 0.0301256833
-0.1373036951 -0.0000743521 -0.0108769359 -0.0131626874 0.0061575854 -0.0627447373 0.1774484657 -0.3352168397 0.0018134205 0.0000259280 -0.0199763460 -0.6398132022 0.7685264275 -0.0024892956 -0.7685203152 -0.6398180428 -0.0030654768 -0.0039485961 -0.0000482583 0.9999922031 -0.0462540174 0.0379360362 0.0261895847 -0.0003113631 0.0000054184 -0.0001522014 -0.0007017123 -0.0000563103 -0.0571695939 0.1773142368 -0.3327789009 0.0617957525 -0.0022028987 0.0029255929 -0.6404680172 0.7679767572 -0.0024919077 0.0000000000 0.0000000000 0.0309467208
-0.1376613528 -0.0000955667 -0.0108253481 -0.0131553570 0.0061397250 -0.0627351722 0.1774486014 -0.3353170746 0.0020151164 0.0000283548 -0.0201176037 -0.6399147282 0.7684412403 -0.0026834224 -0.7684341515 -0.6399203526 -0.0033010922 -0.0042538720 -0.0000503841 0.9999909510 -0.0481307253 0.0395457657 0.0270692398 -0.0003384378 0.0000060628 -0.0001645983 -0.0007211808 -0.0000598539 -0.0568565205 0.1773029119 -0.3327640593 0.0634327605 -0.0023249413 0.0030067479 -0.6405872952 0.7678759565 -0.0026863119 0.0000000000 0.0000000000 0.0317650760
-0.1380084455 -0.0001177005 -0.0107580516 -0.0131479073 0.0061211255 -0.0627245608 0.1774487494 -0.3354179695 0.0022320514 0.0000308815 -0.0202403307 -0.6400195215 0.7683532295 -0.0028856386 -0.7683450486 -0.6400260245 -0.0035460190 -0.0045714789 -0.0000523553 0.9999895494 -0.0499941689 0.0411531016 0.0279463434 -0.0003670056 0.0000067630 -0.0001775706 -0.0007403507 -0.0000634932 -0.0565352738 0.1772909760 -0.3327488303 0.0650650412 -0.0024501604 0.0030878938 -0.6407095586 0.7677724733 -0.0028888235 0.0000000000 0.0000000000 0.0325807202
-0.1383450329 -0.0001407154 -0.0106754676 -0.0131404586 0.0061018672 -0.0627128254 0.1774489104 -0.3355194330 0.0024648211 0.0000334998 -0.0203450649 -0.6401275632 0.7682624018 -0.0030959303 -0.7682530049 -0.6401350475 -0.0038001806 -0.0049013493 -0.0000541426 0.9999879868 -0.0518414286 0.0427559655 0.0288207899 -0.0003971019 0.0000075221 -0.0001911233 -0.0007592214 -0.0000672267 -0.0562058762 0.1772784144 -0.3327331841 0.0666925535 -0.0025785465 0.0031690302 -0.6408347849 0.7676663112 -0.0030994289 0.0000000000 0.0000000000 0.0333936279
-0.1386715621 -0.0001645545 -0.0105780475 -0.0131330090 0.0060820300 -0.0626998853 0.1774490846 -0.3356213766 0.0027140172 0.0000361998 -0.0204323404 -0.6402388342 0.7681687645 -0.0033142735 -0.7681580189 -0.6402474101 -0.0040634860 -0.0052433980 -0.0000557158 0.9999862517 -0.0536696650 0.0443523313 0.0296924852 -0.0004287617 0.0000083433 -0.0002052611 -0.0007777927 -0.0000710529 -0.0558683574 0.1772651970 -0.3327171504 0.0683152825 -0.0027100914 0.0032501570 -0.6409629513 0.7675574735 -0.0033181044 0.0000000000 0.0000000000 0.0342037772
-0.1389881372 -0.0001892000 -0.0104662320 -0.0131255900 0.0060616801 -0.0626856569 0.1774492725 -0.3357237141 0.0029802267 0.0000389703 -0.0205026680 -0.6403533144 0.7680723252 -0.0035406343 -0.7680600891 -0.6403631002 -0.0043358301 -0.0055975226 -0.0000570433 0.9999843321 -0.0554761276 0.0459402262 0.0305613466 -0.0004620193 0.0000092297 -0.0002199881 -0.0007960647 -0.0000749703 -0.0555227324 0.1772513092 -0.3327006996 0.0699331760 -0.0028447856 0.0033312740 -0.6410940345 0.7674459636 -0.0035448163 0.0000000000 0.0000000000 0.0350111499
-0.1392947137 -0.0002146019 -0.0103404727 -0.0131181106 0.0060408795 -0.0626700538 0.1774494744 -0.3358263622 0.0032640309 0.0000417984 -0.0205565522 -0.6404709835 0.7679730913 -0.0037749691 -0.7679592143 -0.6404821057 -0.0046170941 -0.0059636042 -0.0000580925 0.9999822159 -0.0572581470 0.0475177358 0.0314273009 -0.0004969086 0.0000101849 -0.0002353080 -0.0008140379 -0.0000789773 -0.0551690310 0.1772367358 -0.3326838315 0.0715462193 -0.0029826204 0.0034123806 -0.6412280110 0.7673317847 -0.0037795211 0.0000000000 0.0000000000 0.0358157319
-0.1395917535 -0.0002407171 -0.0102012074 -0.0131106908 0.0060196868 -0.0626529864 0.1774496905 -0.3359292399 0.0035660049 0.0000446695 -0.0205944993 -0.6405918206 0.7678710707 -0.0040172251 -0.7678553931 -0.6406044140 -0.0049071461 -0.0063415076 -0.0000588297 0.9999798907 -0.0590131417 0.0490830001 0.0322902837 -0.0005334629 0.0000112122 -0.0002512243 -0.0008317131 -0.0000830724 -0.0548072793 0.1772214770 -0.3326665759 0.0731543675 -0.0031235870 0.0034934771 -0.6413648569 0.7672149399 -0.0040221660 0.0000000000 0.0000000000 0.0366175129
-0.1398790777 -0.0002674814 -0.0100489082 -0.0131032420 0.0059981532 -0.0626343626 0.1774499211 -0.3360322687 0.0038867166 0.0000475676 -0.0206169912 -0.6407158045 0.7677662715 -0.0042673401 -0.7677486244 -0.6407300125 -0.0052058413 -0.0067310823 -0.0000592203 0.9999773443 -0.0607386144 0.0506342124 0.0331502390 -0.0005717147 0.0000123152 -0.0002677399 -0.0008490912 -0.0000872541 -0.0544374958 0.1772055030 -0.3326489031 0.0747575909 -0.0032676766 0.0035745627 -0.6415045482 0.7670954322 -0.0042726891 0.0000000000 0.0000000000 0.0374164871
-0.1401566863 -0.0002948623 -0.0098840017 -0.0130957626 0.0059763305 -0.0626140872 0.1774501662 -0.3361353725 0.0042267264 0.0000504747 -0.0206245185 -0.6408429138 0.7676587015 -0.0045252435 -0.7676389074 -0.6408588881 -0.0055130226 -0.0071321623 -0.0000592285 0.9999745641 -0.0624321616 0.0521696207 0.0340071180 -0.0006116962 0.0000134974 -0.0002848573 -0.0008661735 -0.0000915210 -0.0540597104 0.1771887839 -0.3326308131 0.0763558671 -0.0034148800 0.0036556376 -0.6416470604 0.7669732646 -0.0045310195 0.0000000000 0.0000000000 0.0382126529
-0.1404255033 -0.0003228216 -0.0097069582 -0.0130883427 0.0059542628 -0.0625920623 0.1774504258 -0.3362384778 0.0045865860 0.0000533712 -0.0206175710 -0.6409731264 0.7675483691 -0.0047908557 -0.7675262411 -0.6409910277 -0.0058285211 -0.0075445674 -0.0000588179 0.9999715376 -0.0640914611 0.0536875264 0.0348608795 -0.0006534390 0.0000147625 -0.0003025789 -0.0008829616 -0.0000958715 -0.0536739454 0.1771713346 -0.3326123357 0.0779491588 -0.0035651885 0.0037367013 -0.6417923692 0.7668484398 -0.0047970779 0.0000000000 0.0000000000 0.0390060133
-0.1406848580 -0.0003512884 -0.0095182294 -0.0130809834 0.0059319991 -0.0625681874 0.1774506999 -0.3363415133 0.0049668379 0.0000562358 -0.0205965903 -0.6411064204 0.7674352825 -0.0050640891 -0.7674106248 -0.6411264180 -0.0061521562 -0.0079681030 -0.0000579511 0.9999682525 -0.0657142798 0.0551862898 0.0357114885 -0.0006969739 0.0000161143 -0.0003209063 -0.0008994571 -0.0001003041 -0.0532802269 0.1771531403 -0.3325934708 0.0795374289 -0.0037185932 0.0038177534 -0.6419404500 0.7667209607 -0.0050707763 0.0000000000 0.0000000000 0.0397965761
-0.1409352571 -0.0003801994 -0.0093182614 -0.0130735636 0.0059095807 -0.0625423592 0.1774509881 -0.3364444099 0.0053680150 0.0000590451 -0.0205620521 -0.6412427735 0.7673194498 -0.0053448479 -0.7672920581 -0.6412650457 -0.0064837365 -0.0084025613 -0.0000565899 0.9999646963 -0.0672984762 0.0566643216 0.0365589169 -0.0007423310 0.0000175566 -0.0003398410 -0.0009156619 -0.0001048174 -0.0528785810 0.1771341562 -0.3325741589 0.0811206549 -0.0038750852 0.0038987941 -0.6420912782 0.7665908297 -0.0053520190 0.0000000000 0.0000000000 0.0405843535
-0.1411766708 -0.0004095398 -0.0091075283 -0.0130661447 0.0058870497 -0.0625144716 0.1774512902 -0.3365471012 0.0057906397 0.0000617741 -0.0205144052 -0.6413821634 0.7672008794 -0.0056330286 -0.7671705405 -0.6414068971 -0.0068230600 -0.0088477210 -0.0000546954 0.9999608567 -0.0688419976 0.0581200832 0.0374031427 -0.0007895401 0.0000190932 -0.0003593842 -0.0009315782 -0.0001094099 -0.0524690300 0.1771143824 -0.3325544596 0.0826987997 -0.0040346556 0.0039798231 -0.6422448293 0.7664580495 -0.0056407021 0.0000000000 0.0000000000 0.0413693625
-0.1414096802 -0.0004392368 -0.0088864500 -0.0130586652 0.0058644502 -0.0624844163 0.1774516057 -0.3366495225 0.0062352234 0.0000643957 -0.0204540994 -0.6415245677 0.7670795797 -0.0059285202 -0.7670460721 -0.6415519586 -0.0071699145 -0.0093033488 -0.0000522281 0.9999567216 -0.0703428785 0.0595520993 0.0382441498 -0.0008386300 0.0000207281 -0.0003795367 -0.0009472083 -0.0001140801 -0.0520516001 0.1770938039 -0.3325343728 0.0842718408 -0.0041972958 0.0040608398 -0.6424010789 0.7663226224 -0.0059367146 0.0000000000 0.0000000000 0.0421516249
-0.1416339576 -0.0004692413 -0.0086555080 -0.0130512454 0.0058418200 -0.0624520820 0.1774519339 -0.3367516117 0.0067022659 0.0000668810 -0.0203815539 -0.6416699640 0.7669555589 -0.0062312046 -0.7669186528 -0.6417002168 -0.0075240782 -0.0097691989 -0.0000491480 0.9999522790 -0.0717992395 0.0609589397 0.0390819284 -0.0008896290 0.0000224655 -0.0004002990 -0.0009625547 -0.0001188265 -0.0516263209 0.1770724058 -0.3325138688 0.0858397335 -0.0043629967 0.0041418439 -0.6425600025 0.7661845507 -0.0062399378 0.0000000000 0.0000000000 0.0429311673
-0.1418498307 -0.0004994887 -0.0084151374 -0.0130439159 0.0058191996 -0.0624173554 0.1774522742 -0.3368533087 0.0071922547 0.0000691990 -0.0202972044 -0.6418183298 0.7668288253 -0.0065409564 -0.7667882831 -0.6418516578 -0.0078853200 -0.0102450144 -0.0000454142 0.9999475174 -0.0732092942 0.0623392329 0.0399164742 -0.0009425646 0.0000243094 -0.0004216712 -0.0009776202 -0.0001236478 -0.0511932112 0.1770501584 -0.3324929476 0.0874024630 -0.0045317491 0.0042228354 -0.6427215762 0.7660438366 -0.0065502463 0.0000000000 0.0000000000 0.0437080212
-0.1420575678 -0.0005299607 -0.0081658000 -0.0130366152 0.0057966313 -0.0623801205 0.1774526256 -0.3369545555 0.0077056651 0.0000713168 -0.0202014688 -0.6419696429 0.7666993872 -0.0068576437 -0.7666549637 -0.6420062679 -0.0082534002 -0.0107305271 -0.0000409858 0.9999424254 -0.0745713437 0.0636916564 0.0407477884 -0.0009974636 0.0000262641 -0.0004436533 -0.0009924075 -0.0001285426 -0.0507523045 0.1770270765 -0.3324716389 0.0889599845 -0.0047035450 0.0043038144 -0.6428857759 0.7659004820 -0.0068675076 0.0000000000 0.0000000000 0.0444822224
-0.1422572434 -0.0005605472 -0.0079079233 -0.0130292252 0.0057741478 -0.0623402591 0.1774529870 -0.3370552962 0.0082429586 0.0000731996 -0.0200947510 -0.6421238812 0.7665672525 -0.0071811281 -0.7665186953 -0.6421640336 -0.0086280705 -0.0112254585 -0.0000358212 0.9999369919 -0.0758837747 0.0650149482 0.0415758786 -0.0010543523 0.0000283338 -0.0004662448 -0.0010069198 -0.0001335094 -0.0503036194 0.1770031303 -0.3324499130 0.0905122831 -0.0048783747 0.0043847803 -0.6430525782 0.7657544890 -0.0071915830 0.0000000000 0.0000000000 0.0452538120
-0.1424491256 -0.0005912287 -0.0076419692 -0.0130219553 0.0057517905 -0.0622976505 0.1774533571 -0.3371554768 0.0088045835 0.0000748104 -0.0199774501 -0.6422810225 0.7664324295 -0.0075112652 -0.7663794794 -0.6423249412 -0.0090090750 -0.0117295202 -0.0000298784 0.9999312064 -0.0771450668 0.0663078862 0.0424007568 -0.0011132560 0.0000305228 -0.0004894451 -0.0010211603 -0.0001385469 -0.0498471893 0.1769782901 -0.3324277699 0.0920593143 -0.0050562299 0.0044657323 -0.6432219599 0.7656058592 -0.0075223274 0.0000000000 0.0000000000 0.0460228353
-0.1426328421 -0.0006219539 -0.0073683560 -0.0130146546 0.0057295980 -0.0622521721 0.1774537346 -0.3372550454 0.0093909737 0.0000761102 -0.0198499513 -0.6424410453 0.7662949260 -0.0078479042 -0.7662373174 -0.6424889772 -0.0093961502 -0.0122424141 -0.0000231155 0.9999250586 -0.0783537850 0.0675693093 0.0432224412 -0.0011741993 0.0000328355 -0.0005132533 -0.0010351325 -0.0001436536 -0.0493830368 0.1769525558 -0.3324052393 0.0936010554 -0.0052371011 0.0045466712 -0.6433938982 0.7654545944 -0.0078595897 0.0000000000 0.0000000000 0.0467893422
-0.1428090930 -0.0006526540 -0.0070875343 -0.0130073242 0.0057076071 -0.0622036989 0.1774541176 -0.3373539521 0.0100025491 0.0000770581 -0.0197126582 -0.6426039281 0.7661547500 -0.0081908889 -0.7660922112 -0.6426561280 -0.0097890256 -0.0127638334 -0.0000154901 0.9999185388 -0.0795085770 0.0687981048 0.0440409552 -0.0012372062 0.0000352764 -0.0005376682 -0.0010488398 -0.0001488282 -0.0489111878 0.1769259125 -0.3323823214 0.0951374695 -0.0054209800 0.0046275961 -0.6435683709 0.7653006962 -0.0082032131 0.0000000000 0.0000000000 0.0475533872
-0.1429780871 -0.0006832712 -0.0067999442 -0.0130001139 0.0056858519 -0.0621521040 0.1774545045 -0.3374521487 0.0106397140 0.0000776108 -0.0195659379 -0.6427696498 0.7660119090 -0.0085400577 -0.7659441632 -0.6428263803 -0.0101874242 -0.0132934627 -0.0000069597 0.9999116380 -0.0806081818 0.0699932106 0.0448563276 -0.0013022999 0.0000378501 -0.0005626883 -0.0010622860 -0.0001540695 -0.0484316722 0.1768983454 -0.3323589861 0.0966685340 -0.0056078578 0.0047085071 -0.6437453562 0.7651441659 -0.0085530354 0.0000000000 0.0000000000 0.0483150291
-0.1431395561 -0.0007137655 -0.0065060020 -0.0129928729 0.0056643705 -0.0620972585 0.1774548930 -0.3375495891 0.0113028575 0.0000777234 -0.0194101463 -0.6429381896 0.7658664107 -0.0088952437 -0.7657931760 -0.6429997208 -0.0105910629 -0.0138309786 0.0000025182 0.9999043474 -0.0816514251 0.0711536157 0.0456685922 -0.0013695026 0.0000405611 -0.0005883119 -0.0010754750 -0.0001593760 -0.0479445122 0.1768698245 -0.3323352337 0.0981942192 -0.0057977252 0.0047894032 -0.6439248331 0.7649850048 -0.0089088891 0.0000000000 0.0000000000 0.0490743307
-0.1432941556 -0.0007440773 -0.0062061553 -0.0129856914 0.0056431978 -0.0620390316 0.1774552809 -0.3376462287 0.0119923535 0.0000773485 -0.0192456529 -0.6431095272 0.7657182624 -0.0092562751 -0.7656392526 -0.6431761364 -0.0109996527 -0.0143760502 0.0000129861 0.9998966592 -0.0826372137 0.0722783596 0.0464777880 -0.0014388361 0.0000434142 -0.0006145371 -0.0010884108 -0.0001647466 -0.0474497378 0.1768403649 -0.3323110938 0.0997144952 -0.0059905737 0.0048702853 -0.6441067810 0.7648232141 -0.0092706015 0.0000000000 0.0000000000 0.0498313591
-0.1434417069 -0.0007741422 -0.0059007867 -0.0129784513 0.0056223669 -0.0619772906 0.1774556656 -0.3377420250 0.0127085590 0.0000764369 -0.0190727926 -0.6432836430 0.7655674713 -0.0096229752 -0.7654823965 -0.6433556142 -0.0114128997 -0.0149283399 0.0000244864 0.9998885658 -0.0835645433 0.0733665334 0.0472839591 -0.0015103212 0.0000464140 -0.0006413618 -0.0011010975 -0.0001701798 -0.0469473749 0.1768099219 -0.3322865367 0.1012293324 -0.0061863945 0.0049511520 -0.6442911802 0.7646587948 -0.0096379955 0.0000000000 0.0000000000 0.0505861850
-0.1435825676 -0.0008039305 -0.0055903513 -0.0129712699 0.0056019127 -0.0619119010 0.1774560443 -0.3378369369 0.0134518154 0.0000749373 -0.0188919096 -0.6434605174 0.7654140443 -0.0099951631 -0.7653226115 -0.6435381414 -0.0118305048 -0.0154875032 0.0000370616 0.9998800607 -0.0844324879 0.0744172698 0.0480871544 -0.0015839775 0.0000495653 -0.0006687838 -0.0011135395 -0.0001756745 -0.0464374535 0.1767784953 -0.3322615623 0.1027387008 -0.0063851788 0.0050320043 -0.6444780117 0.7644917479 -0.0100108893 0.0000000000 0.0000000000 0.0513388830
-0.1437164545 -0.0008333640 -0.0052752462 -0.0129641183 0.0055818679 -0.0618427269 0.1774564139 -0.3379309252 0.0142224469 0.0000727963 -0.0187033291 -0.6436401319 0.7652579883 -0.0103726535 -0.7651599020 -0.6437237053 -0.0122521646 -0.0160531898 0.0000507537 0.9998711380 -0.0852402074 0.0754297596 0.0488874276 -0.0016598246 0.0000528730 -0.0006968004 -0.0011257412 -0.0001812295 -0.0459199995 0.1767460555 -0.3322362006 0.1042425707 -0.0065869172 0.0051128408 -0.6446672573 0.7643220740 -0.0103890968 0.0000000000 0.0000000000 0.0520895311
-0.1438438445 -0.0008624110 -0.0049558706 -0.0129569368 0.0055622617 -0.0617696305 0.1774567711 -0.3380239522 0.0150207613 0.0000699584 -0.0185073907 -0.6438224683 0.7650993097 -0.0107552573 -0.7649942727 -0.6439122937 -0.0126775719 -0.0166250439 0.0000656046 0.9998617923 -0.0859869443 0.0764032352 0.0496848373 -0.0017378810 0.0000563420 -0.0007254091 -0.0011377073 -0.0001868435 -0.0453950353 0.1767126173 -0.3322104514 0.1057409123 -0.0067916014 0.0051936619 -0.6448588996 0.7641497740 -0.0107724281 0.0000000000 0.0000000000 0.0528382106
-0.1439652592 -0.0008909979 -0.0046326402 -0.0129498756 0.0055431281 -0.0616924728 0.1774571122 -0.3381159819 0.0158470490 0.0000663663 -0.0183044090 -0.6440075091 0.7649380149 -0.0111427813 -0.7648257287 -0.6441038943 -0.0131064157 -0.0172027044 0.0000816557 0.9998520192 -0.0866720180 0.0773369783 0.0504794461 -0.0018181637 0.0000599773 -0.0007546067 -0.0011494422 -0.0001925154 -0.0448625982 0.1766781360 -0.3321842849 0.1072337031 -0.0069992226 0.0052744672 -0.6450529220 0.7639748484 -0.0111606892 0.0000000000 0.0000000000 0.0535850059
-0.1440801322 -0.0009190978 -0.0043059406 -0.0129428133 0.0055244947 -0.0616111130 0.1774574334 -0.3382069798 0.0167015824 0.0000619603 -0.0180946718 -0.6441952374 0.7647741099 -0.0115350291 -0.7646542756 -0.6442984952 -0.0135383817 -0.0177858057 0.0000989483 0.9998418152 -0.0872948324 0.0782303163 0.0512713216 -0.0019006897 0.0000637839 -0.0007843903 -0.0011609508 -0.0001982439 -0.0443227105 0.1766426116 -0.3321577013 0.1087209061 -0.0072097718 0.0053552561 -0.6452493092 0.7637972975 -0.0115536829 0.0000000000 0.0000000000 0.0543300041
-0.1441891491 -0.0009466584 -0.0039761602 -0.0129357511 0.0055063888 -0.0615254095 0.1774577304 -0.3382969129 0.0175846171 0.0000566792 -0.0178784957 -0.6443856372 0.7646076005 -0.0119318009 -0.7644799196 -0.6444960849 -0.0139731531 -0.0183739781 0.0001175230 0.9998311773 -0.0878548653 0.0790826248 0.0520605351 -0.0019854747 0.0000677668 -0.0008147565 -0.0011722382 -0.0002040281 -0.0437753983 0.1766060442 -0.3321307302 0.1102024987 -0.0074232398 0.0054360293 -0.6454480464 0.7636171216 -0.0119512085 0.0000000000 0.0000000000 0.0550732952
-0.1442923397 -0.0009735932 -0.0036436899 -0.0129285995 0.0054888381 -0.0614352191 0.1774579986 -0.3383857498 0.0184963904 0.0000504595 -0.0176561618 -0.6445786931 0.7644384921 -0.0123328938 -0.7643026672 -0.6446966519 -0.0144104106 -0.0189668478 0.0001374200 0.9998201037 -0.0883516716 0.0798933243 0.0528471621 -0.0020725338 0.0000719312 -0.0008457021 -0.0011833092 -0.0002098667 -0.0432206951 0.1765683889 -0.3321033418 0.1116784513 -0.0076396186 0.0055167852 -0.6456491201 0.7634343210 -0.0123530620 0.0000000000 0.0000000000 0.0558149712
-0.1443893760 -0.0009999020 -0.0033088787 -0.0129216276 0.0054718684 -0.0613403974 0.1774582333 -0.3384734603 0.0194371216 0.0000432357 -0.0174279499 -0.6447743905 0.7642667898 -0.0127381020 -0.7641225253 -0.6449001851 -0.0148498327 -0.0195640383 0.0001586788 0.9998085933 -0.0887848896 0.0806618746 0.0536312818 -0.0021618810 0.0000762822 -0.0008772234 -0.0011941688 -0.0002157586 -0.0426586233 0.1765296310 -0.3320755661 0.1131487414 -0.0078588985 0.0055975248 -0.6458525178 0.7632488958 -0.0127590370 0.0000000000 0.0000000000 0.0565551265
-0.1444812864 -0.0010255302 -0.0029721423 -0.0129146548 0.0054555028 -0.0612407993 0.1774584292 -0.3385600158 0.0204070123 0.0000349407 -0.0171941563 -0.6449727158 0.7640924987 -0.0131472171 -0.7639395014 -0.6451066738 -0.0152910965 -0.0201651696 0.0001813384 0.9997966458 -0.0891542195 0.0813877845 0.0544129773 -0.0022535301 0.0000808251 -0.0009093168 -0.0012048222 -0.0002217029 -0.0420892164 0.1764897853 -0.3320473731 0.1146133244 -0.0080810720 0.0056782472 -0.6460582279 0.7630608458 -0.0131689239 0.0000000000 0.0000000000 0.0572938572
-0.1445677578 -0.0010504086 -0.0026338124 -0.0129077416 0.0054397620 -0.0611362785 0.1774585808 -0.3386453890 0.0214062451 0.0000255052 -0.0169550243 -0.6451736559 0.7639156232 -0.0135600283 -0.7637536034 -0.6453161073 -0.0157338779 -0.0207698598 0.0002054369 0.9997842621 -0.0894594442 0.0820706108 0.0551923348 -0.0023474926 0.0000855652 -0.0009419784 -0.0012152747 -0.0002276985 -0.0415125005 0.1764488220 -0.3320187628 0.1160721928 -0.0083061289 0.0057589523 -0.6462662402 0.7628701711 -0.0135825112 0.0000000000 0.0000000000 0.0580312610
-0.1446489841 -0.0010745083 -0.0022942664 -0.0129007688 0.0054246685 -0.0610266878 0.1774586822 -0.3387295539 0.0224349845 0.0000148583 -0.0167108137 -0.6453771987 0.7637361677 -0.0139763226 -0.7635648396 -0.6455284756 -0.0161778517 -0.0213777247 0.0002310119 0.9997714436 -0.0897004166 0.0827099447 0.0559694437 -0.0024437807 0.0000905076 -0.0009752040 -0.0012255315 -0.0002337443 -0.0409285016 0.1764067262 -0.3319897652 0.1175253093 -0.0085340608 0.0058396398 -0.6464765453 0.7626768713 -0.0139995847 0.0000000000 0.0000000000 0.0587674370
-0.1447248757 -0.0010977867 -0.0019538382 -0.0128938267 0.0054102414 -0.0609118793 0.1774587272 -0.3388124856 0.0234933766 0.0000029272 -0.0164617742 -0.6455833332 0.7635541359 -0.0143958850 -0.7633732188 -0.6457437688 -0.0166226922 -0.0219883784 0.0002581000 0.9997581931 -0.0898770616 0.0833054246 0.0567443963 -0.0025424049 0.0000956579 -0.0010089900 -0.0012355980 -0.0002398394 -0.0403372571 0.1763634831 -0.3319603801 0.1189726442 -0.0087648593 0.0059203096 -0.6466891352 0.7624809461 -0.0144199286 0.0000000000 0.0000000000 0.0595024851
-0.1447958648 -0.0011201925 -0.0016128854 -0.0128869433 0.0053964965 -0.0607917044 0.1774587092 -0.3388941607 0.0245815490 -0.0000103628 -0.0162081600 -0.6457920489 0.7633695315 -0.0148184987 -0.7631787502 -0.6459619773 -0.0170680737 -0.0226014341 0.0002867370 0.9997445138 -0.0899893701 0.0838567285 0.0575172880 -0.0026433747 0.0001010213 -0.0010433316 -0.0012454794 -0.0002459829 -0.0397387855 0.1763190627 -0.3319305778 0.1204141751 -0.0089985160 0.0060009616 -0.6469040028 0.7622823951 -0.0148433250 0.0000000000 0.0000000000 0.0602365064
